1,1,1539,0,85,48,1
1,2,1499,0,130,76,1
1,3,1451,0,203,93,1
1,4,1407,0,230,49,2
1,4,1435,0,166,127,1
1,5,1395,0,237,66,2
1,5,1424,0,151,147,1
1,6,1408,0,191,182,1
1,6,1373,0,251,91,2
1,7,1360,0,263,121,2
1,7,1392,0,201,205,1
1,8,1376,0,209,241,1
1,8,1347,0,279,151,2
1,9,1354,0,222,265,1
1,9,1337,0,283,178,2
1,9,1834,0,87,131,1
1,10,1329,0,284,210,2
1,10,1806,0,115,166,1
1,10,1338,0,291,304,1
1,11,1324,0,307,236,2
1,11,1331,0,289,326,1
1,11,1785,0,136,189,1
1,12,1760,0,161,226,1
1,12,1323,3,297,360,1
1,12,1319,0,308,269,2
1,13,1295,0,331,396,1
1,13,1304,0,327,299,2
1,13,1740,0,181,257,1
1,14,1320,0,311,337,2
1,14,1293,26,332,409,1
1,14,1717,2,204,274,1
1,15,1667,0,254,310,1
1,15,1299,36,330,432,1
1,15,1700,0,215,238,3
1,15,1299,0,338,365,2
1,16,1314,0,327,408,2
1,16,1294,80,347,428,1
1,16,1648,0,273,351,1
1,16,1651,0,270,255,3
1,17,1634,0,277,279,3
1,17,1632,11,289,363,1
1,17,1299,110,337,426,1
1,17,1330,0,315,434,2
1,18,1303,0,331,439,5
1,18,1606,0,297,315,3
1,18,1602,39,307,378,1
1,18,1309,148,314,435,1
1,18,1334,7,332,474,2
1,19,1596,0,295,340,3
1,19,1313,0,333,471,5
1,19,1347,216,334,404,1
1,19,1340,35,340,479,2
1,19,1597,60,296,385,1
1,20,1590,0,282,394,3
1,20,1797,9,123,299,1
1,20,1817,0,104,241,2
1,20,1327,32,311,487,5
1,20,1328,209,368,459,1
1,20,1359,72,343,496,2
1,20,1598,91,273,392,1
1,21,1806,0,115,329,2
1,21,1596,0,257,357,3
1,21,1776,31,145,388,1
1,21,1596,103,255,403,1
1,21,1335,56,322,491,5
1,21,1333,244,384,464,1
1,21,1360,99,359,506,2
1,22,1352,290,401,472,1
1,22,1359,96,359,508,5
1,22,1759,60,162,391,1
1,22,1586,158,256,348,1
1,22,1598,9,263,423,3
1,22,1381,134,367,528,2
1,22,1779,0,142,362,2
1,23,1760,80,161,400,1
1,23,1767,0,154,359,2
1,23,1602,177,252,342,1
1,23,1602,30,252,400,3
1,23,1367,322,394,476,1
1,23,1362,119,360,518,5
1,23,1393,159,371,538,2
1,24,1759,168,161,341,1
1,24,1602,65,258,438,3
1,24,1395,167,368,534,5
1,24,1413,209,387,548,2
1,24,1385,366,414,495,1
1,24,1758,0,163,372,2
1,24,1601,230,261,321,1
1,25,1398,398,431,499,1
1,25,1621,251,237,340,1
1,25,1757,0,164,396,2
1,25,1757,186,164,297,1
1,25,1434,234,359,560,2
1,25,1410,203,418,533,5
1,25,1609,89,266,435,3
1,26,1437,450,419,509,1
1,26,1439,284,423,545,2
1,26,1430,244,387,541,5
1,26,1615,128,273,369,3
1,26,1715,2,205,409,2
1,26,1613,291,238,264,1
1,26,1691,169,230,333,1
1,27,1447,276,401,552,5
1,27,1482,316,404,575,2
1,27,1610,201,311,248,1
1,27,1661,7,260,447,2
1,27,1603,151,312,368,3
1,27,1451,479,434,524,1
1,27,1603,336,318,242,1
1,28,1593,355,328,263,1
1,28,1743,0,178,135,1
1,28,1484,534,436,533,1
1,28,1517,363,404,561,2
1,28,1485,316,436,606,5
1,28,1589,190,332,414,3
1,28,1596,39,325,391,2
1,29,1507,345,414,584,5
1,29,1603,211,318,393,3
1,29,1606,382,315,272,1
1,29,1574,66,347,383,2
1,29,1554,263,366,203,1
1,29,1704,0,217,148,1
1,29,1709,0,212,110,2
1,29,1506,572,413,509,1
1,29,1537,397,384,592,2
1,30,1567,444,354,601,2
1,30,1628,0,257,206,1
1,30,1540,393,381,595,5
1,30,1540,621,381,460,1
1,30,1626,256,295,316,3
1,30,1625,430,296,139,1
1,30,1541,102,360,469,2
1,30,1518,308,378,260,1
1,30,1628,0,255,145,2
1,31,1496,341,385,285,1
1,31,1587,0,262,184,1
1,31,1605,0,244,166,2
1,31,1598,479,323,602,2
1,31,1566,424,355,609,5
1,31,1567,666,354,415,1
1,31,1517,127,368,471,2
1,31,1639,285,282,308,3
1,32,1528,0,272,261,1
1,32,1537,0,258,201,2
1,32,1603,475,318,606,5
1,32,1680,324,241,372,3
1,32,1481,164,368,560,2
1,32,1463,375,386,351,1
1,32,1608,722,310,359,1
1,32,1641,529,280,552,2
1,33,1635,503,286,578,5
1,33,1700,352,221,370,3
1,33,1455,185,377,578,2
1,33,1437,404,392,473,1
1,33,1473,0,305,298,1
1,33,1486,0,281,225,2
1,33,1668,563,253,518,2
1,33,1629,765,292,316,1
1,34,1457,0,263,268,2
1,34,1719,621,202,460,2
1,34,1743,395,178,300,3
1,34,1676,830,245,251,1
1,34,1415,29,313,328,1
1,34,1400,448,406,479,1
1,34,1415,225,398,585,2
1,34,1673,556,248,525,5
1,35,1704,602,217,479,5
1,35,1703,879,218,202,1
1,35,1766,434,155,321,3
1,35,1822,0,99,92,1
1,35,1381,477,421,496,1
1,35,1380,0,310,293,2
1,35,1828,0,93,67,2
1,35,1401,259,394,585,2
1,35,1743,671,177,410,2
1,35,1375,51,317,333,1
1,36,1751,689,170,392,5
1,36,1750,954,171,127,1
1,36,1813,573,108,240,3
1,36,1365,305,403,608,2
1,36,1345,523,429,510,1
1,36,1316,0,322,337,2
1,36,1319,81,318,348,1
1,36,1803,0,118,149,1
1,36,1812,0,109,98,2
1,36,1789,864,132,217,2
1,37,1788,0,133,205,1
1,37,1799,0,122,121,2
1,37,1782,840,139,241,5
1,37,1819,919,102,162,2
1,37,1780,1004,141,77,1
1,37,1845,618,76,237,3
1,37,1338,335,419,621,2
1,37,1325,562,434,516,1
1,37,1281,0,325,367,2
1,37,1278,118,325,338,1
1,38,1304,607,434,474,1
1,38,1320,386,419,621,2
1,38,1218,0,340,411,2
1,38,1221,146,326,359,1
1,38,1757,1,163,241,1
1,38,1773,0,148,148,2
1,39,1189,0,334,445,2
1,39,1181,171,337,368,1
1,39,1278,646,452,435,1
1,39,1735,0,186,259,1
1,39,1287,416,440,650,2
1,39,1752,0,169,176,2
1,40,1714,0,207,189,2
1,40,1124,217,350,367,1
1,40,1272,470,449,611,2
1,40,1655,0,266,301,1
1,40,1134,12,331,483,2
1,40,1258,703,464,378,1
1,40,1188,0,263,106,1
1,41,1099,37,347,487,2
1,41,1249,747,515,334,1
1,41,1623,0,281,328,1
1,41,1152,0,263,142,1
1,41,1635,0,286,223,2
1,41,1256,507,471,574,2
1,41,1089,247,352,374,1
1,42,1589,0,310,267,2
1,42,1104,0,267,68,7
1,42,1575,0,341,361,1
1,42,1083,0,236,91,2
1,42,1083,0,240,170,1
1,42,1640,0,276,204,5
1,42,1256,562,479,519,2
1,42,1038,288,362,383,1
1,42,1237,808,489,273,1
1,42,1044,74,360,505,2
1,43,1036,0,255,195,1
1,43,1561,0,334,296,2
1,43,1542,0,352,384,1
1,43,1258,604,490,477,2
1,43,1238,855,500,226,1
1,43,1018,105,364,503,2
1,43,1003,320,376,393,1
1,44,1487,13,361,404,1
1,44,952,372,391,400,1
1,44,1269,666,480,414,2
1,44,975,136,376,533,2
1,44,1245,929,517,152,1
1,44,991,0,239,231,1
1,44,992,0,302,120,7
1,44,1514,0,324,336,2
1,44,970,0,246,131,3
1,45,1278,710,473,371,2
1,45,957,183,371,526,2
1,45,961,0,303,144,7
1,45,1253,975,534,106,1
1,45,925,0,280,171,3
1,45,1490,0,326,361,2
1,45,1454,29,360,419,1
1,45,922,408,404,405,1
1,45,938,0,257,254,1
1,46,915,463,394,411,1
1,46,1447,0,316,401,2
1,46,879,0,281,284,1
1,46,1329,779,459,302,2
1,46,1848,0,73,76,1
1,46,893,0,333,171,7
1,46,1409,58,364,428,1
1,46,875,0,257,199,3
1,46,921,220,381,546,2
1,47,840,0,287,219,3
1,47,1416,0,313,430,2
1,47,1364,822,449,259,2
1,47,1833,0,88,161,1
1,47,1385,79,364,436,1
1,47,844,0,272,308,1
1,47,873,2,319,197,7
1,47,899,493,397,421,1
1,47,905,254,390,553,2
1,47,1834,0,87,80,2
1,48,755,0,319,350,1
1,48,816,0,332,230,7
1,48,1447,892,389,189,2
1,48,793,2,292,247,3
1,48,1807,0,114,111,2
1,48,888,300,394,570,2
1,48,878,549,412,432,1
1,48,976,669,190,76,1
1,48,1354,0,332,475,2
1,48,1338,109,376,451,1
1,48,1811,0,109,196,1
1,49,767,0,293,282,3
1,49,1789,0,132,212,1
1,49,1779,0,142,81,2
1,49,776,25,266,349,1
1,49,823,581,465,447,1
1,49,1552,943,260,138,2
1,49,878,333,400,577,2
1,49,1309,165,381,425,1
1,49,1326,24,348,484,2
1,50,768,0,315,293,7
1,50,1752,0,169,245,1
1,50,709,67,315,349,1
1,50,1750,0,171,174,2
1,50,1281,169,398,473,1
1,50,1290,53,360,498,2
1,50,809,650,482,431,1
1,50,862,377,417,605,2
1,50,1673,1015,204,66,2
1,51,861,416,424,611,2
1,51,1728,0,193,270,1
1,51,1728,0,193,189,2
1,51,745,0,319,318,7
1,51,801,693,497,388,1
1,51,1257,193,403,482,1
1,51,1314,78,296,497,2
1,51,702,85,304,361,1
1,52,864,475,438,604,2
1,52,668,111,318,368,1
1,52,799,742,513,339,1
1,52,1238,240,402,489,1
1,52,1696,0,224,238,2
1,52,1249,117,391,516,2
1,52,1682,21,239,312,1
1,53,659,131,323,378,1
1,53,799,804,526,277,1
1,53,1221,269,415,491,1
1,53,1242,138,384,527,2
1,53,1676,0,245,274,2
1,53,1652,0,269,335,1
1,53,878,515,429,566,2
1,54,888,573,449,506,2
1,54,633,167,368,386,1
1,54,1617,27,292,344,1
1,54,1212,318,423,503,1
1,54,1632,0,278,276,2
1,54,1224,186,393,538,2
1,54,806,872,542,209,1
1,55,1205,351,432,514,1
1,55,1611,0,278,301,2
1,55,621,193,348,392,1
1,55,812,911,556,170,1
1,55,899,611,460,470,2
1,55,1592,38,296,355,1
1,55,1221,219,394,543,2
1,56,926,672,469,409,2
1,56,1576,0,287,332,2
1,56,1559,84,299,348,1
1,56,610,239,340,405,1
1,56,829,970,582,111,1
1,56,1208,401,437,525,1
1,56,1225,235,360,533,5
1,56,1216,258,404,553,2
1,57,960,715,466,366,2
1,57,1533,102,302,353,1
1,57,1557,0,282,369,2
1,57,600,267,333,401,1
1,57,936,1028,507,53,1
1,57,1222,288,402,561,2
1,57,1201,437,453,505,1
1,57,1233,267,341,513,5
1,58,1515,0,297,403,2
1,58,1502,128,304,377,1
1,58,1221,331,417,572,2
1,58,1220,313,368,472,5
1,58,597,102,338,497,3
1,58,621,90,362,471,7
1,58,998,777,464,304,2
1,58,1202,491,464,526,1
1,58,588,311,354,410,1
1,59,1232,342,364,559,5
1,59,1223,365,426,584,2
1,59,1034,815,469,266,2
1,59,1518,255,165,62,1
1,59,652,120,330,473,7
1,59,612,160,309,469,5
1,59,590,128,334,506,3
1,59,1486,154,299,376,1
1,59,580,349,359,409,1
1,59,1495,0,291,398,5
1,59,1485,0,310,430,2
1,59,1204,528,470,458,1
1,60,1461,0,299,466,2
1,60,1212,581,485,500,1
1,60,1248,416,419,605,2
1,60,1121,881,408,200,2
1,60,1440,190,318,347,1
1,60,574,168,361,512,3
1,60,1475,0,284,414,5
1,60,1247,393,391,542,5
1,60,609,196,295,447,5
1,60,663,154,309,489,7
1,60,571,394,365,411,1
1,61,601,228,318,479,5
1,61,1419,217,321,331,1
1,61,1443,17,299,450,5
1,61,1241,424,389,609,5
1,61,1254,454,432,612,2
1,61,556,421,381,426,1
1,61,556,195,382,516,3
1,61,1221,625,494,456,1
1,61,1433,19,311,477,2
1,61,1204,921,344,160,2
1,61,628,187,356,489,7
1,62,1409,54,305,422,5
1,62,553,470,393,433,1
1,62,1379,994,177,87,2
1,62,1256,508,463,573,2
1,62,1240,688,510,393,1
1,62,1393,257,322,305,1
1,62,1260,476,397,571,5
1,62,1399,55,323,484,2
1,62,558,241,377,530,3
1,62,600,272,335,457,5
1,62,675,225,315,499,7
1,63,1254,726,523,355,1
1,63,599,303,315,459,5
1,63,1277,510,403,571,5
1,63,1287,545,452,536,2
1,63,1372,275,334,300,1
1,63,1389,76,306,420,2
1,63,560,509,386,437,1
1,63,1384,79,327,491,5
1,63,555,271,390,536,3
1,63,627,257,366,504,7
1,64,590,348,344,482,5
1,64,631,302,364,518,7
1,64,550,318,386,550,3
1,64,26,11,813,118,1
1,64,1358,111,325,461,5
1,64,537,534,409,476,1
1,64,1290,789,523,292,1
1,64,1324,603,452,478,2
1,64,1311,571,403,510,5
1,65,539,347,398,567,3
1,65,583,381,335,477,5
1,65,639,334,353,537,7
1,65,545,585,409,470,1
1,65,1340,351,341,323,1
1,65,1340,137,350,512,2
1,65,1327,611,419,470,5
1,65,1310,841,546,240,1
1,65,1325,652,494,429,2
1,66,1366,725,509,356,2
1,66,1331,182,356,523,2
1,66,1361,921,560,158,1
1,66,1365,678,415,403,5
1,66,531,396,404,581,3
1,66,595,379,400,535,7
1,66,575,433,355,536,5
1,66,515,642,425,439,1
1,66,1330,403,350,399,1
1,67,1324,440,360,427,1
1,67,517,427,409,589,3
1,67,1320,215,366,527,2
1,67,1396,978,525,103,1
1,67,1393,724,412,357,5
1,67,497,670,445,411,1
1,67,589,410,407,536,7
1,67,574,461,311,507,5
1,67,1456,778,456,303,2
1,67,1322,204,332,531,5
1,68,1326,493,360,431,1
1,68,1443,802,375,279,5
1,68,1529,856,391,225,2
1,68,1322,247,362,549,5
1,68,1330,258,360,540,2
1,69,1328,527,373,438,1
1,69,1048,0,98,46,1
1,69,539,491,447,561,7
1,69,1500,856,360,225,5
1,69,1612,905,309,176,2
1,69,475,510,423,571,3
1,69,454,779,454,302,1
1,69,1310,284,391,554,2
1,69,1320,276,356,559,5
1,69,538,540,369,530,5
1,70,1335,320,336,549,5
1,70,1609,939,178,142,5
1,70,1726,986,195,95,2
1,70,1339,571,381,460,1
1,70,1001,0,173,86,1
1,70,1335,329,384,571,2
1,71,1342,607,396,464,1
1,71,1336,360,383,554,2
1,71,1336,352,400,586,5
1,71,952,0,207,116,1
1,71,1710,997,138,84,5
1,71,527,573,443,508,7
1,71,495,628,385,453,5
1,71,423,591,449,490,3
1,71,401,886,476,194,1
1,71,954,0,206,69,2
1,72,367,643,490,438,3
1,72,391,949,465,132,1
1,72,523,624,431,457,7
1,72,468,678,399,403,5
1,72,1355,401,347,590,5
1,72,932,0,199,112,2
1,72,930,0,200,161,1
1,72,1353,664,413,417,1
1,72,1356,409,408,591,2
1,73,364,679,477,402,3
1,73,910,0,209,192,1
1,73,1380,709,411,372,1
1,73,447,718,357,363,5
1,73,447,664,497,417,7
1,73,346,987,498,94,1
1,73,895,0,226,137,2
1,73,1379,441,412,604,2
1,73,1364,434,353,610,5
1,74,317,737,497,344,3
1,74,1407,765,420,316,1
1,74,1398,493,424,588,2
1,74,1387,487,363,594,5
1,74,319,1035,505,46,1
1,74,871,0,252,240,1
1,74,465,719,450,362,7
1,74,425,780,332,301,5
1,74,878,0,234,186,2
1,75,415,814,310,267,5
1,75,868,0,254,217,2
1,75,870,0,273,184,5
1,75,885,0,222,273,1
1,75,1407,523,371,558,5
1,75,336,773,465,308,3
1,75,1424,526,430,555,2
1,75,1426,803,426,278,1
1,75,443,760,435,321,7
1,76,853,4,268,324,1
1,76,345,834,419,247,3
1,76,1465,862,456,219,1
1,76,466,819,335,262,7
1,76,435,874,212,207,5
1,76,852,0,300,231,5
1,76,1445,577,378,504,5
1,76,1481,583,418,498,2
1,76,853,0,283,269,2
1,77,1510,622,411,459,2
1,77,1475,615,374,466,5
1,77,1497,928,424,153,1
1,77,856,0,266,364,1
1,77,418,916,171,165,5
1,77,507,858,275,223,7
1,77,359,877,361,204,3
1,77,858,0,296,238,5
1,77,855,1,271,300,2
1,78,382,981,209,100,5
1,78,462,919,261,162,7
1,78,1551,991,370,90,1
1,78,861,59,293,361,1
1,78,885,0,270,353,2
1,78,419,939,166,142,3
1,78,1517,679,344,402,5
1,78,857,0,319,327,5
1,78,1548,686,373,395,2
1,79,1581,722,340,359,2
1,79,1547,717,356,364,5
1,79,1587,1024,334,57,1
1,79,879,0,285,388,2
1,79,867,111,299,353,1
1,79,883,0,298,362,5
1,79,505,959,183,122,7
1,79,360,1026,70,55,5
1,79,400,980,145,101,3
1,80,1600,780,320,301,5
1,80,886,152,301,368,1
1,80,890,0,295,377,5
1,80,475,1024,133,57,7
1,80,892,0,303,444,2
1,80,1665,787,255,294,2
1,81,1629,815,290,266,5
1,81,899,0,317,400,5
1,81,1704,825,217,256,2
1,81,910,3,293,484,2
1,81,899,215,310,351,1
1,82,923,259,337,380,1
1,82,949,49,309,498,2
1,82,950,0,292,464,5
1,82,1701,873,220,208,5
1,82,1772,895,148,186,2
1,83,939,307,337,377,1
1,83,959,84,300,506,2
1,83,1752,913,169,168,5
1,83,940,23,320,484,5
1,84,966,377,352,381,1
1,84,979,145,322,517,2
1,84,969,77,322,504,5
1,84,1865,976,56,105,5
1,85,1001,184,335,529,2
1,85,985,423,356,386,1
1,85,984,114,311,546,5
1,86,1013,494,368,395,1
1,86,1021,245,345,544,2
1,86,1032,173,311,546,5
1,87,1036,286,362,554,2
1,87,1031,541,371,408,1
1,88,1062,348,373,571,2
1,88,1053,555,385,480,1
1,89,1083,308,353,580,5
1,89,1071,610,394,471,1
1,89,1074,388,382,592,2
1,90,1098,459,395,599,2
1,90,1087,737,411,344,1
1,90,1109,375,360,668,5
1,91,1110,508,397,573,2
1,91,1097,708,422,369,1
1,91,1130,420,362,602,5
1,92,1147,485,371,596,5
1,92,1127,578,412,503,2
1,92,1120,783,427,298,1
1,93,1165,531,373,550,5
1,93,1135,627,420,454,2
1,93,1120,845,452,236,1
1,94,1178,602,385,479,5
1,94,1137,937,457,144,1
1,94,1137,708,443,373,2
1,95,1175,654,400,427,5
1,95,1154,1001,404,79,1
1,95,1142,764,415,317,2
1,96,1157,851,386,230,2
1,96,1202,738,394,343,5
1,97,1185,914,325,166,2
1,97,1184,795,422,286,5
1,98,1233,1005,186,76,2
1,98,1211,879,367,202,5
1,99,1327,937,148,144,5
1,100,1327,1035,131,46,5
1,104,729,91,134,278,1
1,105,672,96,186,327,1
1,106,636,91,240,364,1
1,107,604,109,247,370,1
1,108,571,140,282,380,1
1,109,550,151,300,388,1
1,110,510,177,337,399,1
1,111,486,203,364,392,1
1,112,449,235,352,409,1
1,113,429,263,361,401,1
1,114,367,305,396,406,1
1,115,363,318,386,418,1
1,116,361,128,367,524,2
1,116,352,357,380,425,1
1,117,324,147,390,532,2
1,117,330,373,380,440,1
1,118,300,420,388,441,1
1,118,572,127,285,347,1
1,118,302,179,390,554,2
1,119,288,446,391,442,1
1,119,550,130,309,364,1
1,119,284,201,399,552,2
1,120,267,239,401,555,2
1,120,513,174,326,324,1
1,120,270,486,397,447,1
1,121,255,510,399,459,1
1,121,246,261,407,571,2
1,121,484,195,337,327,1
1,122,780,77,102,258,1
1,122,456,232,347,348,1
1,122,234,295,419,586,2
1,122,238,557,413,462,1
1,123,218,320,425,593,2
1,123,436,266,347,337,1
1,123,761,81,117,284,1
1,123,226,582,418,470,1
1,124,208,623,437,457,1
1,124,365,292,393,369,1
1,124,731,58,161,421,1
1,124,204,358,439,590,2
1,125,701,109,198,404,1
1,125,204,655,426,426,1
1,125,199,381,430,612,2
1,125,362,322,391,362,1
1,125,392,94,361,509,2
1,126,678,103,210,453,1
1,126,189,697,436,384,1
1,126,368,129,351,516,2
1,126,370,365,369,351,1
1,126,191,420,437,661,2
1,127,349,401,377,376,1
1,127,627,108,335,476,1
1,127,182,727,443,350,1
1,127,346,149,381,530,2
1,127,169,446,455,634,2
1,128,327,428,362,403,1
1,128,328,186,363,396,2
1,128,172,786,454,295,1
1,128,603,148,300,482,1
1,128,159,489,465,592,2
1,129,158,812,466,269,1
1,129,309,208,389,539,2
1,129,153,517,472,564,2
1,129,306,456,385,372,1
1,129,587,169,316,494,1
1,130,276,247,406,554,2
1,130,563,207,365,508,1
1,130,141,561,480,520,2
1,130,153,859,469,222,1
1,130,601,95,313,448,3
1,130,279,508,386,336,1
1,131,233,274,436,564,2
1,131,548,233,388,497,1
1,131,587,126,326,449,3
1,131,237,532,430,311,1
1,131,146,899,475,182,1
1,131,135,588,486,493,2
1,132,231,305,409,576,2
1,132,135,941,489,140,1
1,132,120,635,498,445,2
1,132,564,162,338,486,3
1,132,519,271,392,511,1
1,132,233,574,410,364,1
1,133,547,180,355,497,3
1,133,107,666,503,415,2
1,133,209,332,422,582,2
1,133,507,298,397,521,1
1,133,211,605,421,352,1
1,133,118,977,492,104,1
1,134,197,652,405,312,1
1,134,96,710,514,371,2
1,134,529,217,344,507,3
1,134,200,378,403,548,2
1,134,95,1024,515,57,1
1,134,487,338,384,522,1
1,135,95,740,501,341,2
1,135,160,402,439,556,2
1,135,515,244,365,508,3
1,135,473,359,408,540,1
1,135,160,659,440,422,1
1,136,501,286,376,514,3
1,136,105,787,470,293,2
1,136,127,442,447,544,2
1,136,455,382,418,569,1
1,136,126,723,446,358,1
1,137,448,428,449,567,1
1,137,100,466,460,552,2
1,137,100,774,457,307,1
1,137,485,308,381,516,3
1,137,125,818,416,263,2
1,138,68,516,468,565,2
1,138,426,456,442,580,1
1,138,135,872,361,209,2
1,138,483,347,380,528,3
1,138,69,820,464,261,1
1,139,478,367,379,543,3
1,139,43,553,483,528,2
1,139,42,858,484,223,1
1,139,164,904,297,177,2
1,139,410,471,452,603,1
1,140,403,534,462,547,1
1,140,450,405,398,551,3
1,140,198,959,192,122,2
1,140,0,800,506,281,1
1,140,12,595,495,486,2
1,141,185,990,210,91,2
1,141,445,428,407,564,3
1,141,397,570,458,511,1
1,141,0,631,493,450,2
1,141,0,828,489,253,1
1,142,0,666,478,415,2
1,142,428,470,416,574,3
1,142,365,608,495,473,1
1,142,0,984,494,97,1
1,143,0,1025,466,56,1
1,143,361,638,499,443,1
1,143,423,497,401,584,3
1,143,0,706,460,375,2
1,144,2,752,398,328,2
1,144,410,531,401,550,3
1,144,344,689,515,392,1
1,145,398,561,405,520,3
1,145,343,718,519,363,1
1,145,0,785,385,296,2
1,146,327,769,533,312,1
1,146,386,601,425,480,3
1,146,0,832,369,249,2
1,146,917,0,241,200,1
1,147,0,863,342,218,2
1,147,319,800,538,281,1
1,147,375,640,436,441,3
1,147,884,0,234,229,1
1,148,810,0,281,258,1
1,148,363,693,443,388,3
1,148,0,921,311,160,2
1,148,303,851,554,229,1
1,149,801,0,270,274,1
1,149,361,721,443,360,3
1,149,59,954,192,127,2
1,149,341,952,448,129,1
1,150,791,0,277,311,1
1,150,42,1015,204,66,2
1,150,357,765,443,316,3
1,150,335,968,460,113,1
1,151,44,1041,187,41,2
1,151,276,973,587,108,1
1,151,777,0,272,337,1
1,151,337,798,466,283,3
1,152,265,1022,600,59,1
1,152,360,847,426,234,3
1,153,372,879,398,202,3
1,154,417,925,308,156,3
1,155,494,958,131,123,3
1,156,480,1002,131,79,3
1,157,574,130,325,382,1
1,157,470,1034,138,47,3
1,158,523,133,347,426,1
1,159,493,149,360,425,1
1,160,467,188,365,421,1
1,161,437,201,371,426,1
1,162,396,236,384,427,1
1,163,376,256,385,430,1
1,164,374,107,364,532,2
1,164,342,293,393,430,1
1,165,322,313,395,431,1
1,165,349,132,361,532,2
1,166,288,349,404,411,1
1,166,307,156,369,565,2
1,167,284,181,384,549,2
1,167,1858,26,63,252,1
1,167,256,368,417,416,1
1,168,1849,9,72,304,2
1,168,1816,64,105,306,1
1,168,251,209,383,567,2
1,168,234,403,416,417,1
1,169,208,428,425,415,1
1,169,1787,88,134,323,1
1,169,246,228,375,575,2
1,169,1808,17,113,348,2
1,170,211,258,394,582,2
1,170,183,461,432,403,1
1,170,1747,122,174,408,1
1,170,1799,1,122,442,2
1,171,166,477,433,400,1
1,171,1777,0,144,475,2
1,171,1769,196,152,370,1
1,171,208,274,381,597,2
1,172,1724,31,197,496,2
1,172,147,508,443,408,1
1,172,1724,31,197,496,2
1,172,171,305,406,606,2
1,172,1707,210,214,399,1
1,172,147,508,443,408,1
1,172,1707,210,214,399,1
1,172,171,305,406,606,2
1,173,159,323,410,600,2
1,173,1689,58,232,501,2
1,173,1664,223,256,426,1
1,173,128,528,448,428,1
1,174,109,565,459,404,1
1,174,1659,98,262,507,2
1,174,1630,262,291,394,1
1,174,147,353,411,617,2
1,175,1646,118,274,530,2
1,175,122,371,426,619,2
1,175,100,585,465,411,1
1,175,1611,294,310,371,1
1,176,111,396,430,630,2
1,176,1590,191,331,475,2
1,176,87,609,466,472,1
1,176,798,0,167,320,2
1,176,801,39,165,369,1
1,176,1590,333,331,337,1
1,177,788,87,180,363,1
1,177,1577,365,344,308,1
1,177,1601,187,320,484,2
1,177,83,634,472,447,1
1,177,111,417,431,646,2
1,177,786,0,182,346,2
1,178,1589,215,332,460,2
1,178,78,661,478,420,1
1,178,740,113,257,374,1
1,178,1568,407,353,264,1
1,178,114,441,435,640,2
1,179,105,457,444,624,2
1,179,73,679,483,402,1
1,179,1586,245,335,429,2
1,179,1564,444,357,225,1
1,179,695,133,224,377,1
1,180,640,163,272,388,1
1,180,1579,290,342,385,2
1,180,91,481,449,600,2
1,180,63,700,486,381,1
1,180,1559,482,362,186,1
1,181,613,189,291,392,1
1,181,1591,316,330,357,5
1,181,1560,513,361,162,1
1,181,1586,321,335,353,2
1,181,61,717,485,364,1
1,181,95,496,453,585,2
1,182,1566,556,355,120,1
1,182,42,744,505,337,1
1,182,558,222,324,399,1
1,182,1593,356,328,315,2
1,182,1618,353,303,317,5
1,182,91,521,450,560,2
1,183,1657,383,264,287,5
1,183,44,762,503,319,1
1,183,1570,587,351,87,1
1,183,527,249,314,407,1
1,183,83,537,457,543,2
1,183,1594,385,327,288,2
1,184,1624,422,297,250,2
1,184,486,289,345,403,1
1,184,1582,630,338,44,1
1,184,1686,431,235,239,5
1,184,75,559,456,522,2
1,184,34,781,510,300,1
1,185,32,795,499,286,1
1,185,449,307,353,417,1
1,185,68,571,459,510,2
1,185,1645,450,276,220,2
1,185,1696,445,225,222,5
1,186,18,815,502,266,1
1,186,1684,488,237,179,2
1,186,418,138,354,515,2
1,186,416,345,358,380,1
1,186,51,585,463,496,2
1,187,1719,509,202,158,2
1,187,41,597,478,484,2
1,187,8,834,513,247,1
1,187,398,155,355,515,2
1,187,394,373,361,420,1
1,188,360,189,363,525,2
1,188,25,616,472,463,2
1,188,0,854,514,224,1
1,188,1813,546,108,112,2
1,188,355,411,368,435,1
1,189,21,626,480,455,2
1,189,0,866,509,214,1
1,189,342,209,364,538,2
1,189,337,435,373,423,1
1,189,1834,561,86,100,2
1,190,1862,615,59,42,2
1,190,301,243,380,536,2
1,190,0,884,500,197,1
1,190,13,642,472,438,2
1,190,303,469,375,390,1
1,191,291,264,382,534,2
1,191,294,486,377,370,1
1,191,0,899,506,182,1
1,191,13,651,478,430,2
1,192,0,917,504,164,1
1,192,271,522,381,385,1
1,192,268,290,386,544,2
1,192,10,666,487,415,2
1,193,260,308,385,558,2
1,193,0,919,501,162,1
1,193,250,546,396,351,1
1,193,7,677,485,404,2
1,194,0,950,503,131,1
1,194,239,337,400,572,2
1,194,238,579,406,356,1
1,194,0,685,492,396,2
1,195,6,693,492,388,2
1,195,229,603,412,334,1
1,195,233,360,402,574,2
1,195,0,943,506,138,1
1,196,226,389,412,581,2
1,196,0,953,505,128,1
1,196,4,701,491,380,2
1,196,223,635,416,354,1
1,197,4,706,494,375,2
1,197,0,958,512,123,1
1,197,222,403,416,590,2
1,197,222,654,425,420,1
1,198,233,680,430,401,1
1,198,11,711,496,370,2
1,198,232,433,420,583,2
1,198,0,960,518,120,1
1,199,0,965,526,116,1
1,199,9,711,499,369,2
1,199,242,699,422,382,1
1,199,257,450,419,591,2
1,200,265,470,426,604,2
1,200,13,709,493,372,2
1,200,0,965,527,116,1
1,200,281,724,420,357,1
2,2,0,955,58,126,1
2,3,0,825,75,256,2
2,3,0,922,92,159,1
2,4,0,858,162,223,1
2,4,0,610,139,471,2
2,5,0,826,195,255,1
2,5,0,561,181,520,2
2,6,0,522,239,559,2
2,6,0,769,259,312,1
2,7,0,498,276,583,2
2,7,0,742,298,339,1
2,8,0,460,337,588,2
2,8,0,700,355,380,1
2,9,0,437,369,581,2
2,9,2,797,297,284,1
2,10,25,759,328,322,1
2,10,46,405,382,568,2
2,11,87,382,376,564,2
2,11,65,728,323,353,1
2,12,147,348,364,551,2
2,12,123,689,316,353,1
2,13,189,329,365,546,2
2,13,163,667,311,344,1
2,14,237,302,358,539,2
2,14,216,630,329,342,1
2,15,255,607,301,336,1
2,15,273,281,352,532,2
2,16,306,574,297,327,1
2,16,323,255,348,524,2
2,17,341,550,293,326,1
2,17,363,235,338,513,2
2,18,391,513,288,324,1
2,18,403,207,340,507,2
2,19,423,496,282,316,1
2,19,430,189,349,501,2
2,20,481,164,341,492,2
2,20,471,463,279,314,1
2,21,516,145,327,491,2
2,21,500,442,276,310,1
2,22,547,412,270,307,1
2,22,558,121,325,479,2
2,23,572,103,333,477,2
2,23,587,395,258,303,1
2,24,629,365,253,299,1
2,25,656,348,250,291,1
2,26,696,320,244,293,1
2,26,0,979,43,102,1
2,27,0,917,55,164,2
2,27,720,305,244,289,1
2,27,0,962,90,119,1
2,28,758,282,241,281,1
2,28,0,897,153,184,1
2,28,0,809,123,272,2
2,29,0,648,162,433,2
2,29,0,857,192,224,1
2,29,783,263,236,281,1
2,30,818,0,277,423,2
2,30,0,590,215,491,2
2,30,806,237,246,279,1
2,30,0,809,242,272,1
2,31,831,0,284,408,2
2,31,844,221,225,278,1
2,31,0,781,277,300,1
2,31,0,564,248,517,2
2,32,875,198,229,272,1
2,32,0,735,320,346,1
2,32,864,0,288,385,2
2,32,0,524,296,552,2
2,33,897,187,229,271,1
2,33,0,829,245,252,1
2,33,885,0,299,371,2
2,33,0,500,328,545,2
2,34,0,783,278,298,1
2,34,916,0,286,347,2
2,34,34,463,332,533,2
2,34,928,165,225,267,1
2,35,939,0,280,330,2
2,35,0,756,304,325,1
2,35,12,436,381,528,2
2,35,951,151,221,265,1
2,36,29,709,311,360,1
2,36,78,403,353,516,2
2,36,970,0,287,307,2
2,36,981,132,220,257,1
2,37,990,0,271,292,2
2,37,127,378,327,513,2
2,37,59,684,314,353,1
2,37,999,116,212,260,1
2,38,98,645,305,348,1
2,38,1020,0,278,270,2
2,38,1028,95,209,259,1
2,38,165,348,321,502,2
2,39,125,621,306,337,1
2,39,1047,82,212,256,1
2,39,190,327,315,497,2
2,39,1037,0,276,246,2
2,40,1066,0,254,236,2
2,40,1072,66,212,251,1
2,40,222,295,316,488,2
2,40,164,583,298,335,1
2,41,1081,0,252,221,2
2,41,1091,53,187,246,1
2,41,247,275,314,485,2
2,41,188,558,296,329,1
2,42,285,241,306,477,2
2,42,224,525,292,328,1
2,42,1109,0,223,200,2
2,42,1123,32,198,245,1
2,43,248,502,289,318,1
2,43,1123,0,223,183,2
2,43,1130,21,205,242,1
2,43,310,222,304,472,2
2,44,285,469,284,317,1
2,44,1146,0,219,167,2
2,44,1151,0,202,243,1
2,44,346,193,298,466,2
2,45,378,175,293,461,2
2,45,310,445,275,316,1
2,45,1160,0,216,153,2
2,45,1180,0,162,231,1
2,46,1182,0,215,134,2
2,46,415,149,287,451,2
2,46,348,414,270,305,1
2,46,1185,0,200,206,1
2,47,444,132,280,451,2
2,47,1194,0,212,120,2
2,47,372,392,270,304,1
2,47,1197,0,197,195,1
2,48,1213,0,206,102,2
2,48,1226,0,186,173,1
2,48,478,106,287,444,2
2,48,409,365,267,299,1
2,49,1230,0,169,161,1
2,49,1225,0,205,90,2
2,49,435,339,267,292,1
2,50,1249,0,195,73,2
2,50,1245,0,170,143,1
2,50,479,314,260,290,1
2,51,1254,0,196,131,1
2,51,1258,0,192,60,2
2,51,507,300,256,281,1
2,51,0,970,114,111,2
2,52,0,901,240,180,2
2,52,1275,0,190,45,2
2,52,1272,0,168,113,1
2,52,551,277,250,282,1
2,53,0,856,314,224,2
2,53,579,258,249,278,1
2,53,1285,0,169,103,1
2,54,1305,0,184,83,1
2,54,623,228,263,276,1
2,54,0,794,430,287,2
2,54,0,963,498,118,1
2,55,1347,0,148,72,1
2,55,654,136,348,355,1
2,55,49,756,456,325,2
2,55,52,921,491,160,1
2,56,127,701,441,380,2
2,56,130,859,476,222,1
2,56,705,191,246,270,1
2,56,1366,0,99,56,1
2,57,805,0,242,347,2
2,57,736,178,246,266,1
2,57,1398,0,59,45,1
2,57,176,661,431,420,2
2,57,179,819,470,262,1
2,58,246,611,422,470,2
2,58,248,764,456,317,1
2,58,850,0,235,322,2
2,58,780,155,246,263,1
2,59,814,141,237,261,1
2,59,879,0,233,306,2
2,59,289,731,455,350,1
2,59,293,577,413,504,2
2,60,357,527,405,521,2
2,60,331,883,360,198,1
2,60,917,0,238,280,2
2,60,856,117,243,258,1
2,61,945,0,226,264,2
2,61,885,101,232,257,1
2,61,402,495,395,577,2
2,61,333,848,386,233,1
2,62,461,453,385,560,2
2,62,398,792,374,289,1
2,62,984,0,221,241,2
2,62,922,84,229,253,1
2,63,503,421,379,556,2
2,63,440,757,367,324,1
2,63,1004,0,227,228,2
2,63,949,72,223,254,1
2,64,1022,0,220,205,2
2,64,983,49,219,250,1
2,64,555,380,375,543,2
2,64,499,705,360,349,1
2,65,599,358,363,533,2
2,65,538,677,351,344,1
2,65,1049,0,209,193,2
2,65,1005,37,215,248,1
2,66,653,320,357,522,2
2,66,594,633,345,332,1
2,66,1074,1,209,172,2
2,66,1034,18,211,243,1
2,67,1093,0,204,153,2
2,67,1054,5,208,241,1
2,67,633,603,340,324,1
2,67,690,292,351,513,2
2,68,1095,0,222,135,2
2,68,1077,0,206,224,1
2,68,739,255,345,504,2
2,68,682,556,336,323,1
2,69,774,230,339,496,2
2,69,718,529,331,316,1
2,69,1110,0,223,123,2
2,69,1095,0,201,210,1
2,70,1117,0,199,189,1
2,70,1130,0,216,103,2
2,70,822,198,334,485,2
2,70,770,489,323,309,1
2,71,1129,0,198,174,1
2,71,1137,0,219,89,2
2,71,853,175,325,482,2
2,71,801,463,328,304,1
2,72,1148,0,214,158,1
2,72,1150,0,211,71,2
2,72,896,143,321,469,2
2,72,852,425,311,300,1
2,73,1159,0,193,141,1
2,73,1165,0,205,57,2
2,73,926,120,317,466,2
2,73,878,400,306,297,1
2,74,1180,0,183,123,1
2,74,1173,0,208,41,2
2,74,964,92,311,458,2
2,74,922,364,303,290,1
2,75,1183,0,205,111,1
2,75,991,72,305,451,2
2,75,949,343,299,287,1
2,76,1202,0,195,92,1
2,76,1024,44,303,442,2
2,76,990,309,291,280,1
2,77,1212,0,174,81,1
2,77,1050,25,293,437,2
2,77,1012,289,286,275,1
2,78,1076,0,295,429,2
2,78,1049,255,279,273,1
2,78,1240,0,150,64,1
2,79,1100,0,285,405,2
2,79,1066,236,279,273,1
2,79,1295,0,87,52,1
2,80,1124,0,284,378,2
2,80,1097,207,271,269,1
2,81,1144,0,279,366,2
2,81,1113,189,268,265,1
2,82,1170,0,272,328,2
2,82,1141,162,262,255,1
2,83,1182,0,269,304,2
2,83,1155,145,260,255,1
2,84,1206,0,262,279,2
2,84,1177,118,256,252,1
2,85,1216,0,264,260,2
2,85,1189,100,254,251,1
2,86,1236,0,260,230,2
2,86,1210,76,259,247,1
2,87,1249,0,255,214,2
2,87,1221,60,255,241,1
2,88,1239,34,250,241,1
2,88,1262,0,232,187,2
2,89,1247,19,241,239,1
2,89,1279,0,224,173,2
2,90,1264,0,236,235,1
2,90,1294,0,220,146,2
2,91,1300,0,222,129,2
2,91,1272,0,235,213,1
2,92,1288,0,235,187,1
2,92,1321,0,205,99,2
2,93,1296,0,231,173,1
2,93,1316,0,210,88,2
2,94,1310,0,226,143,1
2,94,1338,0,199,71,2
2,95,1326,0,219,130,1
2,96,1330,0,224,106,1
2,97,1345,0,215,92,1
2,98,1369,0,173,69,1
2,99,1395,0,148,54,1
2,105,0,613,81,310,1
2,105,0,627,58,295,2
2,106,2,419,149,541,2
2,106,0,562,169,414,1
2,107,0,374,207,546,2
2,107,0,531,227,447,1
2,108,0,335,289,531,2
2,108,0,632,214,361,1
2,109,0,306,347,523,2
2,109,0,599,277,358,1
2,110,19,268,406,510,2
2,110,36,551,327,344,1
2,110,0,878,107,203,2
2,110,0,1010,251,71,1
2,111,0,824,195,257,2
2,111,0,1022,326,59,1
2,111,77,242,398,496,2
2,111,93,520,335,342,1
2,112,162,206,385,494,2
2,112,175,475,335,331,1
2,112,0,761,379,320,2
2,112,0,950,422,131,1
2,113,0,885,486,196,1
2,113,226,450,315,328,1
2,113,240,183,355,478,2
2,113,20,721,410,360,2
2,114,125,662,395,416,2
2,114,103,819,473,262,1
2,114,304,154,356,473,2
2,114,288,413,332,325,1
2,115,339,133,366,469,2
2,115,353,386,304,319,1
2,115,195,627,386,454,2
2,115,171,777,462,304,1
2,116,411,353,289,317,1
2,116,295,569,370,512,2
2,116,254,720,463,360,1
2,117,471,330,295,287,1
2,117,356,535,368,524,2
2,117,318,880,350,201,1
2,118,535,299,264,254,1
2,118,444,484,356,573,2
2,118,387,819,361,262,1
2,119,515,452,338,560,2
2,119,447,777,352,304,1
2,119,574,277,260,259,1
2,120,631,252,288,262,1
2,120,583,401,340,551,2
2,120,532,722,340,358,1
2,121,585,685,311,354,1
2,121,666,232,293,230,1
2,121,634,374,334,540,2
2,122,732,205,271,234,1
2,122,665,638,303,344,1
2,122,707,331,333,526,2
2,123,763,189,279,223,1
2,123,715,305,363,517,2
2,123,718,603,294,339,1
2,124,789,553,289,330,1
2,124,802,165,278,226,1
2,124,806,263,342,492,2
2,124,790,0,318,339,2
2,125,820,0,322,334,2
2,125,836,520,306,328,1
2,125,868,236,323,498,2
2,125,835,150,219,254,1
2,126,887,130,212,229,1
2,126,930,198,317,485,2
2,126,904,474,279,319,1
2,126,863,0,316,307,2
2,127,948,444,273,318,1
2,127,894,0,311,291,2
2,127,917,112,194,272,1
2,127,977,172,305,480,2
2,128,1010,138,335,458,2
2,128,1015,406,269,312,1
2,128,939,0,308,267,2
2,128,963,93,189,265,1
2,129,966,0,304,254,2
2,129,990,78,199,269,1
2,129,1056,380,262,304,1
2,129,1076,116,304,458,2
2,130,1016,0,286,229,2
2,130,1020,56,201,266,1
2,130,1136,80,299,451,2
2,130,1120,339,256,295,1
2,131,1157,312,258,295,1
2,131,1174,56,295,449,2
2,131,1039,0,280,217,2
2,131,1059,43,165,262,1
2,132,1082,0,245,194,2
2,132,1093,17,197,266,1
2,132,1232,25,289,439,2
2,132,1215,276,248,288,1
2,133,1107,0,225,204,2
2,133,1270,5,282,434,2
2,133,1252,251,245,283,1
2,133,1122,6,245,262,1
2,134,1157,0,248,162,2
2,134,1146,0,212,246,1
2,134,1307,217,242,276,1
2,134,1318,0,287,400,2
2,135,1342,196,238,273,1
2,135,1361,0,274,373,2
2,135,1190,0,179,234,1
2,135,1170,0,226,155,2
2,136,1200,0,254,134,2
2,136,1224,0,196,212,1
2,136,1409,0,271,342,2
2,136,1394,163,231,269,1
2,137,1248,0,197,200,1
2,137,1224,0,227,121,2
2,137,1444,0,267,309,2
2,137,1427,140,230,266,1
2,138,1254,0,239,102,2
2,138,1279,0,198,181,1
2,138,1491,0,263,281,2
2,138,1477,108,226,262,1
2,139,1281,0,215,92,2
2,139,1271,0,237,171,1
2,139,1520,0,261,260,2
2,139,1508,91,220,258,1
2,140,1555,0,268,225,2
2,140,1306,0,213,74,2
2,140,1566,60,209,255,1
2,140,1344,0,198,151,1
2,141,1326,0,208,61,2
2,141,1588,40,213,247,1
2,141,1337,0,228,140,1
2,141,1585,0,252,206,2
2,142,1345,0,207,46,2
2,142,1358,0,194,120,1
2,142,1651,11,197,251,1
2,142,1628,0,229,176,2
2,143,1662,0,202,236,1
2,143,1658,0,220,156,2
2,143,1397,0,168,110,1
2,143,160,1013,190,68,2
2,144,192,899,271,182,2
2,144,1383,0,202,92,1
2,144,1699,0,201,203,1
2,144,1702,0,212,122,2
2,145,1411,0,177,82,1
2,145,1725,0,196,93,2
2,145,1723,0,198,182,1
2,145,203,828,390,253,2
2,146,1467,0,108,65,1
2,146,1770,0,151,67,2
2,146,321,732,419,347,2
2,146,316,940,449,141,1
2,146,1765,0,156,147,1
2,147,1479,0,89,51,1
2,147,1791,0,129,47,2
2,147,1794,0,127,129,1
2,147,402,674,406,407,2
2,147,417,875,418,206,1
2,148,1829,0,92,96,1
2,148,500,941,322,140,1
2,148,521,591,393,490,2
2,149,510,860,359,221,1
2,149,601,534,377,547,2
2,150,710,460,366,621,2
2,150,624,779,363,302,1
2,151,700,715,351,366,1
2,151,781,412,356,539,2
2,152,881,345,350,520,2
2,152,810,647,330,360,1
2,153,879,585,318,366,1
2,153,944,304,337,509,2
2,154,974,520,331,342,1
2,154,1032,244,322,489,2
2,155,1088,205,324,476,2
2,155,1032,468,299,342,1
2,156,1167,150,308,462,2
2,156,1120,416,289,325,1
2,157,1173,369,293,325,1
2,157,1220,120,302,457,2
2,158,1249,326,267,299,1
2,158,1293,67,288,436,2
2,159,1298,290,258,288,1
2,159,1335,34,289,429,2
2,160,1392,0,288,408,2
2,160,1357,240,262,278,1
2,161,1436,0,273,372,2
2,161,1399,194,259,286,1
2,162,0,987,82,94,3
2,162,1492,0,265,325,2
2,162,1454,156,253,268,1
2,163,1521,0,267,307,2
2,163,1490,130,247,265,1
2,163,0,855,178,226,3
2,163,0,943,128,138,5
2,164,1536,85,237,257,1
2,164,0,840,195,239,5
2,164,1568,0,260,256,2
2,164,0,801,288,280,3
2,165,1596,0,248,223,2
2,165,1565,55,237,249,1
2,165,0,804,245,277,5
2,165,0,768,346,313,3
2,166,1638,0,227,175,2
2,166,1609,14,236,252,1
2,166,0,677,41,116,2
2,166,2,719,365,362,3
2,166,0,703,52,92,1
2,166,8,758,317,323,5
2,167,0,572,126,402,2
2,167,43,725,413,356,5
2,167,1671,0,211,141,2
2,167,1632,0,224,235,1
2,167,0,646,134,408,1
2,167,17,688,444,393,3
2,168,0,584,250,432,1
2,168,0,403,245,547,2
2,168,105,894,428,186,1
2,168,84,674,396,407,5
2,168,97,638,430,443,3
2,168,1665,0,240,189,1
2,168,1705,0,194,91,2
2,169,0,679,260,347,1
2,169,114,643,407,438,5
2,169,1682,0,228,160,1
2,169,140,607,425,474,3
2,169,0,373,318,538,2
2,169,150,871,422,209,1
2,170,45,327,377,552,2
2,170,12,625,299,347,1
2,170,165,597,418,484,5
2,170,197,955,328,126,1
2,170,1708,0,213,119,1
2,170,204,563,419,518,3
2,171,242,925,329,156,1
2,171,176,566,452,515,5
2,171,1736,0,185,91,1
2,171,247,536,412,545,3
2,171,90,594,244,333,1
2,171,106,300,380,484,2
2,172,196,543,213,335,1
2,172,1764,0,157,59,1
2,172,284,875,342,206,1
2,172,240,525,478,543,5
2,172,310,494,397,538,3
2,172,230,257,343,492,2
2,173,1833,0,88,41,1
2,173,346,467,394,542,3
2,173,325,838,333,243,1
2,173,279,499,469,536,5
2,173,264,515,208,314,1
2,173,275,232,358,462,2
2,174,363,470,314,290,1
2,174,373,795,340,286,1
2,174,337,460,458,524,5
2,174,374,196,350,431,2
2,174,402,430,382,529,3
2,175,371,432,453,520,5
2,175,453,440,276,265,1
2,175,432,403,379,511,3
2,175,454,171,323,383,2
2,175,418,763,323,318,1
2,176,539,387,274,180,1
2,176,420,397,441,507,5
2,176,463,720,321,322,1
2,176,515,133,340,367,2
2,176,484,367,366,539,3
2,177,578,111,325,378,2
2,177,451,376,436,499,5
2,177,499,697,306,312,1
2,177,146,1018,167,63,2
2,177,513,346,367,502,3
2,177,596,371,267,243,1
2,178,682,356,252,189,1
2,178,495,336,426,495,5
2,178,542,651,311,312,1
2,178,560,313,361,511,3
2,178,153,927,292,154,2
2,179,563,621,310,305,1
2,179,523,318,419,487,5
2,179,589,290,354,514,3
2,179,176,870,408,211,2
2,179,714,306,267,235,1
2,180,606,587,318,299,1
2,180,567,282,414,479,5
2,180,271,793,451,288,2
2,180,632,258,343,495,3
2,180,790,274,260,233,1
2,180,801,28,290,433,2
2,181,343,743,449,337,2
2,181,865,248,227,234,1
2,181,358,1009,455,72,1
2,181,594,256,411,479,5
2,181,635,557,295,298,1
2,181,839,9,300,433,2
2,181,658,235,344,473,3
2,182,635,228,405,467,5
2,182,702,204,341,472,3
2,182,451,680,435,401,2
2,182,926,212,229,282,1
2,182,917,0,274,405,2
2,182,676,530,291,291,1
2,182,469,936,432,145,1
2,183,967,195,228,270,1
2,183,523,626,423,455,2
2,183,665,213,397,457,5
2,183,951,0,278,381,2
2,183,732,184,332,481,3
2,183,702,495,285,266,1
2,183,548,1007,324,74,1
2,184,1009,0,287,350,2
2,184,1008,165,245,266,1
2,184,708,183,382,451,5
2,184,592,931,348,150,1
2,184,618,572,410,509,2
2,184,744,461,283,243,1
2,184,774,156,323,457,3
2,185,641,883,355,198,1
2,185,737,164,379,444,5
2,185,805,140,318,435,3
2,185,773,437,279,219,1
2,185,681,531,395,549,2
2,185,1054,0,278,324,2
2,185,1058,151,232,260,1
2,186,1098,0,286,301,2
2,186,728,816,346,265,1
2,186,767,475,383,550,2
2,186,850,111,311,462,3
2,186,776,137,378,431,5
2,186,1118,122,222,255,1
2,186,812,409,278,194,1
2,187,1151,100,223,256,1
2,187,1132,0,276,275,2
2,187,808,117,374,437,5
2,187,843,385,272,194,1
2,187,825,438,374,498,2
2,187,785,771,337,310,1
2,187,878,93,312,434,3
2,188,922,66,310,423,3
2,188,856,91,367,427,5
2,188,903,383,370,523,2
2,188,865,703,327,338,1
2,188,890,354,264,251,1
2,188,1202,0,247,241,2
2,188,1204,77,218,252,1
2,189,923,333,276,258,1
2,189,953,54,305,429,3
2,189,1240,58,214,240,1
2,189,951,353,365,471,2
2,189,918,668,324,336,1
2,189,1223,0,250,225,2
2,189,887,70,338,405,5
2,190,1260,0,237,196,2
2,190,998,25,301,422,3
2,190,1264,32,224,242,1
2,190,937,48,345,402,5
2,190,967,306,210,227,1
2,190,1020,306,355,525,2
2,190,992,612,308,315,1
2,191,998,287,204,254,1
2,191,1026,10,299,424,3
2,191,1039,575,304,321,1
2,191,971,31,341,402,5
2,191,1296,0,229,176,2
2,191,1063,272,358,443,2
2,191,1318,16,200,241,1
2,192,1337,0,216,228,1
2,192,1135,228,341,514,2
2,192,1105,521,296,316,1
2,192,1018,8,343,388,5
2,192,1339,1,225,152,2
2,192,1051,258,208,252,1
2,192,1073,0,293,384,3
2,193,1361,0,227,134,2
2,193,1081,240,216,252,1
2,193,1103,0,292,384,3
2,193,1048,0,296,385,5
2,193,1180,201,330,452,2
2,193,1148,485,292,312,1
2,193,1365,0,213,209,1
2,194,1210,441,282,299,1
2,194,1148,0,286,351,3
2,194,1397,0,223,106,2
2,194,1125,218,216,247,1
2,194,1239,160,323,443,2
2,194,1404,0,208,183,1
2,194,1095,0,289,354,5
2,195,1249,408,281,294,1
2,195,1281,136,319,437,2
2,195,1123,0,275,339,5
2,195,1417,0,213,166,1
2,195,1425,0,217,91,2
2,195,1154,204,209,242,1
2,195,1179,0,277,299,3
2,196,1166,0,286,316,5
2,196,1310,360,290,288,1
2,196,1480,0,183,65,2
2,196,1217,0,274,317,3
2,196,1339,88,310,406,2
2,196,1461,0,194,121,1
2,196,1197,176,190,237,1
2,197,1244,0,236,290,3
2,197,1366,67,320,400,2
2,197,1194,0,277,295,5
2,197,1487,0,190,49,2
2,197,1484,0,184,92,1
2,197,1346,330,267,286,1
2,197,1223,163,201,238,1
2,198,1266,136,211,235,1
2,198,1280,0,272,272,3
2,198,1402,288,262,278,1
2,198,1522,0,180,102,1
2,198,1239,0,270,272,5
2,198,1433,32,299,413,2
2,199,1437,263,260,275,1
2,199,1266,0,257,253,5
2,199,1296,120,216,232,1
2,199,1301,0,276,244,3
2,199,1466,9,297,404,2
2,200,1348,0,262,194,3
2,200,1490,229,271,261,1
2,200,1522,0,287,371,2
2,200,1304,0,245,228,5
2,200,1330,98,218,223,1
3,1,643,153,44,86,2
3,1,636,180,54,81,1
3,1,443,214,58,104,2
3,1,309,404,81,150,3
3,1,319,509,54,91,1
3,2,644,158,44,89,2
3,2,636,186,55,84,1
3,2,450,209,57,103,2
3,2,316,390,78,147,3
3,2,326,493,53,89,1
3,3,645,164,45,91,2
3,3,637,192,56,87,1
3,3,456,203,56,101,2
3,3,322,376,76,143,3
3,3,334,477,52,87,1
3,4,647,169,46,94,2
3,4,637,198,57,89,1
3,4,463,198,55,101,2
3,4,329,362,74,140,3
3,4,339,463,51,85,1
3,5,648,175,46,97,2
3,5,638,204,58,92,1
3,5,474,251,41,65,1
3,5,469,192,55,99,2
3,5,336,349,72,137,3
3,5,344,443,50,83,1
3,6,649,181,48,100,2
3,6,639,211,59,94,1
3,6,475,187,54,98,2
3,6,342,336,70,134,3
3,6,349,425,49,80,1
3,7,650,187,49,102,2
3,7,641,218,60,96,1
3,7,481,182,53,96,2
3,7,348,324,68,131,3
3,7,356,411,48,78,1
3,8,652,194,51,105,2
3,8,643,226,62,99,1
3,8,487,177,52,95,2
3,8,355,313,67,128,3
3,8,366,398,47,76,1
3,9,653,200,52,106,2
3,9,644,233,63,100,1
3,9,493,171,51,94,2
3,9,361,301,65,125,3
3,9,366,384,47,75,1
3,10,654,207,54,109,2
3,10,646,241,65,102,1
3,10,499,166,50,93,2
3,10,367,290,63,123,3
3,10,377,370,46,73,1
3,11,656,210,55,115,2
3,11,648,249,66,104,1
3,11,504,162,49,92,2
3,11,373,280,62,120,3
3,11,379,362,45,71,1
3,12,659,215,57,119,2
3,12,651,257,67,107,1
3,12,508,158,48,91,2
3,12,378,273,61,118,3
3,12,386,350,46,74,1
3,13,661,224,58,120,2
3,13,654,266,69,109,1
3,13,512,154,48,90,2
3,13,383,265,60,115,3
3,13,391,341,45,68,1
3,14,664,233,59,121,2
3,14,657,274,70,111,1
3,14,516,150,48,89,2
3,14,388,257,58,113,3
3,14,395,332,44,66,1
3,15,666,240,61,124,2
3,15,660,283,71,114,1
3,15,518,145,47,88,2
3,15,393,249,57,112,3
3,15,399,324,44,65,1
3,16,670,248,61,126,2
3,16,663,291,72,113,1
3,16,523,141,47,87,2
3,16,397,243,56,109,3
3,16,403,316,43,63,1
3,17,675,261,61,120,2
3,17,666,300,74,111,1
3,17,524,135,47,87,2
3,17,401,238,56,106,3
3,17,408,310,41,62,1
3,18,679,269,61,120,2
3,18,669,309,75,108,1
3,18,524,132,47,87,2
3,18,404,234,56,104,3
3,19,684,273,61,124,2
3,19,672,318,76,105,1
3,19,526,126,47,87,2
3,19,408,229,56,101,3
3,20,689,285,61,121,2
3,20,675,327,78,102,1
3,20,528,125,47,87,2
3,20,412,224,56,99,3
3,21,689,284,61,121,2
3,21,692,337,78,101,1
3,21,415,210,56,98,3
3,22,688,280,61,121,2
3,22,678,340,78,101,1
3,22,413,208,56,98,3
3,23,697,305,61,121,2
3,23,689,356,78,101,1
3,23,416,205,56,98,3
3,24,527,133,56,98,3
3,25,518,140,56,98,3
3,26,744,334,85,129,1
3,26,744,281,76,139,3
3,26,652,258,69,139,3
3,26,642,310,79,117,1
3,26,671,202,60,81,1
3,26,676,162,50,95,2
3,26,943,850,154,228,1
3,26,954,748,141,255,2
3,27,747,343,87,131,1
3,27,756,291,78,142,3
3,27,648,267,73,141,3
3,27,640,320,81,115,1
3,27,675,208,61,84,1
3,27,685,167,51,100,2
3,27,938,864,155,215,1
3,27,948,763,142,256,2
3,28,751,353,89,129,1
3,28,759,298,79,144,3
3,28,644,273,77,144,3
3,28,642,326,84,123,1
3,28,679,215,62,87,1
3,28,687,173,52,102,2
3,28,932,878,157,201,1
3,28,942,771,144,262,2
3,29,756,362,90,136,1
3,29,763,307,80,147,3
3,29,640,285,81,147,3
3,29,635,342,86,127,1
3,29,683,221,63,91,1
3,29,693,177,53,106,2
3,29,926,892,159,188,1
3,29,936,782,146,266,2
3,30,760,367,92,138,1
3,30,769,313,81,149,3
3,30,635,293,85,149,3
3,30,637,344,88,130,1
3,30,687,228,65,94,1
3,30,697,187,54,111,2
3,30,920,906,161,174,1
3,30,930,790,148,272,2
3,31,764,381,93,135,1
3,31,771,326,83,152,3
3,31,632,305,87,152,3
3,31,628,363,90,128,1
3,31,692,235,66,97,1
3,31,701,191,56,114,2
3,31,914,919,163,161,1
3,31,924,808,150,262,2
3,32,767,390,95,138,1
3,32,776,330,85,154,3
3,32,624,314,88,156,3
3,32,622,374,91,129,1
3,32,696,242,67,98,1
3,32,706,200,57,115,2
3,32,907,932,166,148,1
3,32,918,817,152,256,2
3,33,771,399,96,146,1
3,33,779,341,87,157,3
3,33,620,324,89,159,3
3,33,617,385,93,142,1
3,33,701,248,69,100,1
3,33,710,206,58,116,2
3,33,900,945,168,135,1
3,33,911,830,154,245,2
3,34,774,408,98,149,1
3,34,782,350,89,159,3
3,34,615,332,89,163,3
3,34,611,396,95,145,1
3,34,706,255,70,102,1
3,34,715,213,59,117,2
3,34,893,958,170,122,1
3,34,905,841,156,237,2
3,35,777,417,99,152,1
3,35,786,359,90,161,3
3,35,609,344,90,166,3
3,35,606,407,96,149,1
3,35,710,262,72,103,1
3,35,720,220,60,119,2
3,35,887,971,173,109,1
3,35,898,855,158,225,2
3,36,780,427,101,155,1
3,36,789,365,92,164,3
3,36,604,355,91,170,3
3,36,601,415,98,153,1
3,36,716,270,73,105,1
3,36,725,226,62,122,2
3,36,880,984,174,97,1
3,36,891,868,160,213,2
3,37,783,439,103,153,1
3,37,792,377,93,167,3
3,37,592,370,93,175,3
3,37,587,436,101,151,1
3,37,722,279,75,107,1
3,37,731,234,64,126,2
3,37,872,998,175,83,1
3,37,884,878,162,203,2
3,38,786,450,105,153,1
3,38,795,384,94,172,3
3,38,586,378,95,180,3
3,38,577,452,103,150,1
3,38,728,288,76,109,1
3,38,736,241,65,129,2
3,38,864,1011,175,69,1
3,38,877,889,163,191,2
3,39,788,461,107,163,1
3,39,798,395,96,174,3
3,39,578,394,97,185,3
3,39,567,467,105,158,1
3,39,734,297,77,112,1
3,39,742,248,67,133,2
3,39,857,1025,176,55,1
3,39,869,902,165,179,2
3,40,791,472,109,164,1
3,40,801,402,97,177,3
3,40,562,405,99,190,3
3,40,557,483,108,159,1
3,40,740,306,79,114,1
3,40,748,255,69,137,2
3,40,849,1038,176,42,1
3,40,862,913,167,168,2
3,41,794,483,111,167,1
3,41,804,416,98,181,3
3,41,555,425,101,195,3
3,41,545,499,111,173,1
3,41,745,316,81,116,1
3,41,754,263,70,140,2
3,41,867,926,168,147,2
3,42,796,493,112,163,1
3,42,806,423,100,183,3
3,42,548,433,102,200,3
3,42,531,517,114,163,1
3,42,750,325,83,118,1
3,42,760,271,72,142,2
3,42,856,934,168,146,2
3,43,798,504,114,173,1
3,43,808,432,102,186,3
3,43,529,454,104,206,3
3,43,517,534,118,183,1
3,43,755,334,84,120,1
3,43,766,279,73,145,2
3,43,856,949,168,132,2
3,44,800,514,116,177,1
3,44,811,442,103,190,3
3,44,523,464,105,210,3
3,44,503,552,121,187,1
3,44,761,343,86,122,1
3,44,771,281,74,147,2
3,44,850,960,168,121,2
3,45,803,524,118,180,1
3,45,813,454,105,193,3
3,45,509,486,106,217,3
3,45,489,570,125,192,1
3,45,766,352,88,124,1
3,45,777,296,75,150,2
3,45,838,975,168,106,2
3,46,805,535,120,183,1
3,46,816,461,107,196,3
3,46,501,505,107,211,3
3,46,484,577,128,198,1
3,46,771,362,90,127,1
3,46,782,305,77,153,2
3,47,808,547,122,186,1
3,47,819,475,108,199,3
3,47,483,523,106,227,3
3,47,455,613,132,204,1
3,47,776,372,91,130,1
3,47,787,313,78,156,2
3,48,810,553,124,189,1
3,48,822,483,110,203,3
3,48,470,536,106,233,3
3,48,436,635,135,190,1
3,48,780,382,92,133,1
3,48,792,322,79,160,2
3,49,813,571,126,192,1
3,49,826,495,111,206,3
3,49,452,559,106,239,3
3,49,418,658,139,205,1
3,49,785,393,93,136,1
3,49,797,329,80,164,2
3,50,815,582,128,186,1
3,50,829,499,113,219,3
3,50,440,580,105,245,3
3,50,406,673,142,214,1
3,50,790,403,95,139,1
3,50,802,333,81,168,2
3,51,818,594,130,199,1
3,51,831,515,115,219,3
3,51,415,609,107,251,3
3,51,381,706,146,231,1
3,51,794,413,96,142,1
3,51,807,348,82,171,2
3,52,820,607,132,197,1
3,52,833,523,117,225,3
3,52,407,623,109,257,3
3,52,368,719,149,232,1
3,52,798,423,98,144,1
3,52,810,352,84,179,2
3,53,822,620,134,206,1
3,53,835,535,119,220,3
3,53,379,658,112,262,3
3,53,343,758,152,242,1
3,53,802,434,99,144,1
3,53,814,361,86,175,2
3,54,824,632,136,209,1
3,54,837,544,122,224,3
3,54,371,674,114,268,3
3,54,324,785,155,232,1
3,54,805,444,101,145,1
3,54,818,369,87,185,2
3,55,827,645,138,213,1
3,55,839,565,124,228,3
3,55,343,703,117,274,3
3,55,305,811,158,254,1
3,55,809,454,102,146,1
3,55,821,385,89,180,2
3,56,829,659,140,216,1
3,56,841,569,127,232,3
3,56,329,726,121,268,3
3,56,282,842,164,238,1
3,56,813,465,104,148,1
3,56,825,395,91,183,2
3,57,830,676,143,220,1
3,57,843,588,129,236,3
3,57,301,760,126,251,3
3,57,254,879,172,202,1
3,57,816,477,106,151,1
3,57,829,400,92,187,2
3,58,832,693,146,224,1
3,58,846,599,131,241,3
3,58,280,783,131,234,3
3,58,237,915,180,167,1
3,58,820,489,109,155,1
3,58,832,405,94,191,2
3,59,834,709,149,228,1
3,59,849,610,134,245,3
3,59,256,818,137,217,3
3,59,199,951,188,129,1
3,59,823,500,111,157,1
3,59,836,420,96,195,2
3,60,836,726,152,231,1
3,60,850,625,136,249,3
3,60,227,844,142,200,3
3,60,171,987,195,93,1
3,60,826,512,113,160,1
3,60,840,431,98,200,2
3,61,838,744,154,235,1
3,61,852,645,139,254,3
3,61,209,889,145,185,3
3,61,155,1012,199,68,1
3,61,829,524,115,164,1
3,61,843,441,100,204,2
3,61,648,136,66,74,1
3,61,761,222,74,104,1
3,61,757,194,70,129,2
3,62,841,763,157,238,1
3,62,855,654,142,271,3
3,62,170,914,145,167,3
3,62,127,1026,101,54,1
3,62,833,537,117,169,1
3,62,846,450,102,207,2
3,62,644,136,65,73,1
3,62,759,224,73,105,1
3,62,755,195,69,130,2
3,63,843,782,160,242,1
3,63,857,676,145,271,3
3,63,142,959,145,121,3
3,63,836,550,119,174,1
3,63,850,458,104,211,2
3,63,639,136,65,72,1
3,63,756,226,72,107,1
3,63,753,197,68,130,2
3,64,846,801,163,246,1
3,64,859,693,148,267,3
3,64,116,1003,145,77,3
3,64,839,563,121,178,1
3,64,852,472,106,223,2
3,64,634,135,64,71,1
3,64,753,228,70,108,1
3,64,751,199,67,131,2
3,65,848,820,166,249,1
3,65,864,709,151,272,3
3,65,842,575,123,183,1
3,65,855,490,108,219,2
3,65,630,135,64,70,1
3,65,750,230,69,108,1
3,65,749,200,66,132,2
3,66,853,843,170,238,1
3,66,867,725,154,271,3
3,66,845,590,125,188,1
3,66,858,497,109,223,2
3,66,625,135,63,69,1
3,66,749,233,68,110,1
3,66,747,203,66,132,2
3,67,859,869,173,212,1
3,67,874,747,157,264,3
3,67,848,607,128,192,1
3,67,861,512,110,228,2
3,67,621,133,63,69,1
3,67,749,236,69,110,1
3,67,746,205,67,132,2
3,68,866,895,177,186,1
3,68,868,766,160,258,3
3,68,852,623,131,197,1
3,68,867,521,112,232,2
3,68,616,132,62,69,1
3,68,748,240,69,110,1
3,68,745,208,68,133,2
3,69,873,921,181,159,1
3,69,885,787,163,268,3
3,69,855,640,134,202,1
3,69,872,541,113,237,2
3,69,612,131,62,69,1
3,69,748,243,70,110,1
3,69,744,211,69,134,2
3,70,879,947,185,133,1
3,70,883,808,166,246,3
3,70,858,656,137,207,1
3,70,876,551,114,241,2
3,70,608,130,61,69,1
3,70,748,246,70,111,1
3,70,743,214,70,134,2
3,71,879,965,187,115,1
3,71,896,838,167,243,3
3,71,862,675,140,211,1
3,71,880,570,117,246,2
3,71,604,129,61,69,1
3,71,749,250,71,111,1
3,71,744,217,71,133,2
3,72,891,978,187,104,1
3,72,904,854,167,227,3
3,72,867,695,143,216,1
3,72,883,583,120,251,2
3,72,600,126,60,71,1
3,72,751,254,71,112,1
3,72,748,220,70,134,2
3,73,907,994,187,87,1
3,73,920,886,167,194,3
3,73,872,715,146,220,1
3,73,888,603,123,257,2
3,73,597,124,60,70,1
3,73,753,257,72,112,1
3,73,751,223,70,135,2
3,74,927,1037,187,43,1
3,74,925,908,167,173,3
3,74,876,735,149,224,1
3,74,894,618,127,262,2
3,74,594,122,59,71,1
3,74,755,261,73,112,1
3,74,755,226,70,136,2
3,75,951,942,167,139,3
3,75,881,756,152,229,1
3,75,897,642,130,268,2
3,75,591,120,59,71,1
3,75,757,265,73,113,1
3,75,758,229,70,137,2
3,76,887,779,156,226,1
3,76,906,658,133,274,2
3,76,587,118,57,72,1
3,76,760,269,74,114,1
3,76,761,233,70,138,2
3,76,154,596,90,103,1
3,76,157,478,100,159,5
3,77,895,806,160,216,1
3,77,903,682,136,281,2
3,77,584,117,55,72,1
3,77,764,273,75,115,1
3,77,765,237,72,139,2
3,77,190,561,87,100,1
3,77,180,455,96,156,5
3,78,903,832,165,206,1
3,78,913,701,140,288,2
3,78,595,106,42,64,5
3,78,581,116,52,71,1
3,78,767,277,76,117,1
3,78,769,241,74,140,2
3,78,212,535,84,97,1
3,78,202,431,93,152,5
3,79,911,859,169,196,1
3,79,925,726,143,295,2
3,79,590,105,43,64,5
3,79,578,114,49,70,1
3,79,771,281,77,119,1
3,79,773,245,75,141,2
3,79,234,509,81,94,1
3,79,224,408,89,148,5
3,80,919,885,173,186,1
3,80,940,747,146,302,2
3,80,586,104,44,63,5
3,80,575,113,47,70,1
3,80,775,285,78,120,1
3,80,777,249,77,142,2
3,80,256,483,78,92,1
3,80,247,385,86,146,5
3,81,932,903,175,177,1
3,81,932,775,148,303,2
3,81,583,102,45,63,5
3,81,574,114,43,68,1
3,81,778,290,79,122,1
3,81,780,253,78,144,2
3,81,274,462,75,88,1
3,81,265,365,83,141,5
3,82,937,913,175,167,1
3,82,950,791,148,290,2
3,82,581,101,45,63,5
3,82,781,295,80,123,1
3,82,784,257,79,146,2
3,82,288,444,73,85,1
3,82,280,350,80,137,5
3,83,964,959,175,121,1
3,83,954,824,148,256,2
3,83,578,100,45,63,5
3,83,784,299,81,124,1
3,83,787,261,80,148,2
3,83,302,427,70,83,1
3,83,294,335,77,133,5
3,84,954,988,175,93,1
3,84,964,853,166,227,2
3,84,576,99,45,62,5
3,84,787,304,82,126,1
3,84,791,266,81,150,2
3,84,315,409,68,80,1
3,84,309,320,74,129,5
3,85,976,1031,175,49,1
3,85,981,894,176,186,2
3,85,574,98,45,62,5
3,85,790,309,83,127,1
3,85,794,270,82,152,2
3,85,329,392,66,78,1
3,85,323,305,71,125,5
3,86,572,97,45,62,5
3,86,793,315,83,129,1
3,86,797,275,83,153,2
3,86,342,376,64,76,1
3,86,336,292,69,122,5
3,87,570,95,46,62,5
3,87,795,321,84,130,1
3,87,800,280,83,155,2
3,87,353,362,61,74,1
3,87,347,280,67,121,5
3,88,569,93,46,61,5
3,88,798,327,85,131,1
3,88,802,286,83,156,2
3,88,363,348,59,73,1
3,88,358,268,65,119,5
3,89,567,92,47,61,5
3,89,801,333,85,133,1
3,89,804,291,83,158,2
3,89,374,333,57,71,1
3,89,369,256,63,118,5
3,90,565,90,48,60,5
3,90,803,340,86,134,1
3,90,807,297,83,159,2
3,90,385,319,55,70,1
3,90,380,244,61,117,5
3,91,564,89,48,60,5
3,91,806,346,87,136,1
3,91,810,303,84,161,2
3,91,394,307,53,68,1
3,91,389,234,59,115,5
3,91,7,775,125,135,1
3,91,16,634,112,202,2
3,92,563,88,47,60,5
3,92,810,351,88,137,1
3,92,812,308,84,163,2
3,92,400,297,53,67,1
3,92,396,226,58,111,5
3,92,37,748,122,132,1
3,92,38,617,110,197,2
3,93,563,87,45,58,5
3,93,813,357,89,139,1
3,93,815,313,84,166,2
3,93,407,287,52,65,1
3,93,403,217,58,107,5
3,93,64,719,119,129,1
3,93,75,588,107,191,2
3,94,562,86,44,58,5
3,94,816,362,90,141,1
3,94,818,313,85,173,2
3,94,414,277,51,64,1
3,94,410,209,57,103,5
3,94,86,697,116,126,1
3,94,91,566,105,186,2
3,95,561,85,43,57,5
3,95,819,368,91,142,1
3,95,821,324,85,171,2
3,95,420,267,50,62,1
3,95,417,201,56,100,5
3,95,115,665,113,123,1
3,95,119,545,102,180,2
3,96,560,84,43,57,5
3,96,824,374,93,144,1
3,96,825,329,86,173,2
3,96,427,258,49,61,1
3,96,424,193,55,97,5
3,96,141,641,110,120,1
3,96,148,524,100,175,2
3,97,557,83,43,56,5
3,97,830,381,94,146,1
3,97,831,336,87,175,2
3,97,433,249,48,60,1
3,97,431,185,54,95,5
3,97,161,619,105,117,1
3,97,163,505,97,172,2
3,98,555,82,43,56,5
3,98,835,388,95,148,1
3,98,836,342,89,177,2
3,98,440,241,47,59,1
3,98,438,178,53,94,5
3,98,181,598,101,115,1
3,98,180,487,95,167,2
3,99,553,81,43,55,5
3,99,841,396,97,150,1
3,99,841,348,90,180,2
3,99,446,232,46,57,1
3,99,444,171,51,92,5
3,99,202,576,97,112,1
3,99,199,468,93,163,2
3,100,550,79,44,55,5
3,100,846,403,98,152,1
3,100,847,354,91,181,2
3,100,453,223,45,57,1
3,100,451,163,50,90,5
3,100,206,558,93,109,1
3,100,215,454,90,159,2
3,101,549,78,44,54,5
3,101,852,410,100,154,1
3,101,853,361,93,183,2
3,101,459,215,44,55,1
3,101,457,157,49,88,5
3,101,239,535,90,107,1
3,101,226,434,88,155,2
3,102,547,76,43,54,5
3,102,859,418,102,155,1
3,102,861,368,94,186,2
3,102,464,209,44,54,1
3,102,463,151,48,86,5
3,102,253,519,88,104,1
3,102,246,420,85,152,2
3,103,546,74,43,53,5
3,103,865,426,105,157,1
3,103,869,374,96,186,2
3,103,470,202,43,53,1
3,103,469,146,47,84,5
3,103,267,503,85,102,1
3,103,259,406,83,147,2
3,104,545,73,43,53,5
3,104,872,433,107,159,1
3,104,874,376,97,188,2
3,104,476,195,43,52,1
3,104,475,140,46,82,5
3,104,280,487,83,99,1
3,104,271,392,80,143,2
3,105,544,71,42,52,5
3,105,878,441,110,160,1
3,105,884,388,99,190,2
3,105,481,189,42,51,1
3,105,481,134,45,80,5
3,105,294,470,81,97,1
3,105,283,374,78,139,2
3,106,542,69,42,52,5
3,106,886,449,112,162,1
3,106,893,395,100,192,2
3,106,487,182,42,50,1
3,106,487,129,44,79,5
3,106,306,455,79,96,1
3,106,295,366,75,136,2
3,107,896,457,114,164,1
3,107,903,402,102,195,2
3,107,488,177,41,50,1
3,107,493,124,43,79,5
3,107,317,441,76,93,1
3,107,317,352,74,133,2
3,108,905,465,116,166,1
3,108,913,410,103,198,2
3,108,499,118,43,78,5
3,108,325,427,74,91,1
3,108,323,340,72,130,2
3,109,538,65,41,50,5
3,109,915,474,119,168,1
3,109,922,414,104,201,2
3,109,505,113,42,78,5
3,109,339,412,72,89,1
3,109,332,328,70,128,2
3,110,537,63,41,50,5
3,110,925,482,121,172,1
3,110,934,421,106,205,2
3,110,511,108,42,78,5
3,110,350,398,70,87,1
3,110,348,316,69,125,2
3,111,935,490,123,174,1
3,111,944,429,107,211,2
3,111,516,103,41,78,5
3,111,358,386,67,85,1
3,111,356,305,67,123,2
3,112,945,498,124,175,1
3,112,946,430,108,209,2
3,112,521,100,41,76,5
3,112,365,375,65,83,1
3,112,359,297,66,122,2
3,113,955,507,126,178,1
3,113,966,444,110,216,2
3,113,371,365,63,82,1
3,113,368,288,65,121,2
3,114,966,515,127,180,1
3,114,976,450,111,214,2
3,114,378,355,61,80,1
3,114,374,279,63,120,2
3,115,976,523,129,183,1
3,115,983,459,113,217,2
3,115,384,344,58,78,1
3,115,380,270,62,120,2
3,116,987,532,131,185,1
3,116,998,471,114,219,2
3,116,389,334,57,77,1
3,116,385,262,61,118,2
3,117,999,541,133,188,1
3,117,1010,476,117,221,2
3,117,393,324,56,77,1
3,117,389,255,60,116,2
3,118,1011,551,136,191,1
3,118,1022,480,119,224,2
3,118,396,315,55,76,1
3,118,393,248,59,114,2
3,119,1023,560,138,193,1
3,119,1034,491,122,232,2
3,119,399,305,54,76,1
3,119,397,240,58,113,2
3,120,1035,570,140,196,1
3,120,1046,499,124,229,2
3,120,402,295,53,75,1
3,120,401,233,57,110,2
3,121,1047,579,141,199,1
3,121,1058,515,126,231,2
3,121,405,287,52,74,1
3,121,404,226,55,108,2
3,122,1059,590,141,202,1
3,122,1069,520,128,234,2
3,122,407,281,51,72,1
3,122,407,220,53,106,2
3,123,1070,600,140,204,1
3,123,1080,532,129,240,2
3,123,409,275,50,70,1
3,123,409,215,51,103,2
3,124,1082,610,140,207,1
3,124,1091,538,131,240,2
3,124,411,269,49,68,1
3,124,411,209,50,101,2
3,125,1094,620,139,210,1
3,125,1102,554,133,242,2
3,125,412,263,48,66,1
3,125,413,203,48,98,2
3,126,1104,632,139,213,1
3,126,1111,559,134,246,2
3,126,414,257,47,65,1
3,126,415,197,46,96,2
3,127,1113,645,140,216,1
3,127,1120,576,135,251,2
3,127,415,251,46,64,1
3,127,417,192,46,95,2
3,128,1121,658,141,220,1
3,128,1128,579,137,255,2
3,128,416,244,45,63,1
3,128,418,186,46,94,2
3,129,1130,671,142,223,1
3,129,1137,598,138,260,2
3,129,418,238,44,62,1
3,129,420,181,45,92,2
3,130,1138,685,143,226,1
3,130,1145,604,139,264,2
3,130,419,231,43,62,1
3,130,421,176,45,91,2
3,131,1144,698,145,229,1
3,131,1152,621,141,267,2
3,131,421,225,42,61,1
3,131,423,171,45,89,2
3,132,1147,712,147,232,1
3,132,1156,626,142,270,2
3,132,422,220,41,59,1
3,132,424,167,45,89,2
3,133,1150,725,149,235,1
3,133,1160,638,143,272,2
3,133,424,215,41,58,1
3,133,425,163,46,88,2
3,133,624,88,41,60,1
3,134,1152,739,152,238,1
3,134,1164,649,144,274,2
3,134,427,159,47,87,2
3,134,624,90,41,61,1
3,135,1155,752,154,241,1
3,135,1169,667,146,276,2
3,135,428,155,47,86,2
3,135,623,93,42,61,1
3,136,1156,766,156,243,1
3,136,1171,679,147,279,2
3,136,430,150,47,85,2
3,136,623,96,43,62,1
3,137,1156,781,159,244,1
3,137,1170,692,149,289,2
3,137,432,146,47,84,2
3,137,621,100,44,62,1
3,138,1155,796,161,245,1
3,138,1169,711,151,287,2
3,138,435,141,47,83,2
3,138,620,103,45,63,1
3,139,1155,811,163,246,1
3,139,1168,720,152,297,2
3,139,437,137,47,82,2
3,139,618,107,47,65,1
3,140,1154,825,166,247,1
3,140,1168,727,154,308,2
3,140,441,180,41,53,1
3,140,440,133,46,81,2
3,140,617,111,48,64,1
3,141,1154,842,169,240,1
3,141,1166,747,154,300,2
3,141,444,176,41,53,1
3,141,442,129,46,80,2
3,141,615,114,49,65,1
3,142,1152,860,172,221,1
3,142,1165,752,154,303,2
3,142,445,125,46,79,2
3,142,612,118,50,66,1
3,143,1151,877,175,203,1
3,143,1163,767,153,295,2
3,143,448,122,46,78,2
3,143,609,121,51,67,1
3,144,1150,895,178,186,1
3,144,1162,780,152,273,2
3,144,451,118,46,77,2
3,144,606,125,51,68,1
3,145,1148,913,181,167,1
3,145,1160,803,151,264,2
3,145,454,115,46,76,2
3,145,668,106,41,77,3
3,145,668,137,41,65,1
3,145,603,128,52,69,1
4,31,1077,972,223,109,2
4,32,998,889,214,192,2
4,32,713,1031,668,50,1
4,33,646,753,603,328,2
4,33,627,902,639,179,1
4,34,594,681,567,400,2
4,34,569,823,624,258,1
4,35,497,717,593,364,1
4,35,522,573,550,508,2
4,36,452,653,583,428,1
4,36,485,507,521,574,2
4,37,571,870,312,211,1
4,37,417,418,512,663,2
4,38,481,795,416,286,1
4,38,384,362,499,690,2
4,39,432,701,402,380,1
4,39,331,291,491,641,2
4,40,601,964,222,117,2
4,40,405,642,385,413,1
4,40,309,232,464,642,2
4,41,555,829,466,251,2
4,41,559,991,467,90,1
4,41,261,154,460,611,2
4,41,393,552,337,426,1
4,42,468,750,533,331,2
4,42,465,933,538,148,1
4,42,353,492,338,400,1
4,42,241,104,446,602,2
4,43,466,630,503,451,2
4,43,293,416,335,390,1
4,43,454,819,525,262,1
4,44,444,556,494,525,2
4,44,446,736,494,345,1
4,44,287,357,322,394,1
4,45,409,460,489,621,2
4,45,416,660,480,421,1
4,45,868,1002,236,79,2
4,45,251,279,325,388,1
4,46,515,798,345,283,1
4,46,408,406,441,647,2
4,46,826,921,243,160,2
4,46,239,238,312,365,1
4,47,380,319,432,629,2
4,47,516,693,296,387,1
4,47,687,806,444,275,2
4,47,688,994,496,87,1
4,47,212,172,300,367,1
4,48,590,738,539,343,2
4,48,588,916,561,165,1
4,48,357,262,428,614,2
4,48,498,629,283,392,1
4,48,202,128,291,345,1
4,49,505,805,654,276,1
4,49,344,175,394,602,2
4,49,562,635,509,446,2
4,49,461,531,270,418,1
4,50,349,133,357,580,2
4,50,401,480,307,387,1
4,50,493,734,640,347,1
4,50,538,566,504,515,2
4,51,509,480,470,601,2
4,51,398,394,265,335,1
4,51,463,711,616,370,1
4,52,488,425,463,656,2
4,52,359,323,269,374,1
4,52,469,578,498,503,1
4,53,327,260,268,380,1
4,53,452,345,484,716,2
4,53,552,823,360,258,1
4,54,429,290,449,704,2
4,54,303,212,252,376,1
4,54,522,752,367,329,1
4,55,528,658,309,423,1
4,55,408,218,415,674,2
4,55,241,137,256,373,1
4,56,251,101,224,329,1
4,56,455,605,363,402,1
4,56,356,170,464,660,2
4,57,310,100,431,627,2
4,57,438,514,315,387,1
4,58,415,452,306,385,1
4,59,348,374,316,373,1
4,60,356,332,271,357,1
4,61,291,262,275,348,1
4,62,245,214,285,344,1
4,63,204,151,267,334,1
4,64,176,108,260,324,1
4,127,1716,999,205,82,2
4,128,1723,936,198,145,2
4,129,1637,844,284,237,2
4,130,1618,785,303,296,2
4,132,1503,987,418,94,1
4,139,1266,240,451,644,2
4,140,1232,201,442,629,2
4,141,1186,140,427,616,2
4,142,1227,537,373,374,1
4,142,1145,111,423,601,2
4,143,1171,465,355,369,1
4,143,1095,54,403,597,2
4,144,1064,16,396,580,2
4,144,1796,502,125,454,2
4,144,1790,567,131,415,1
4,144,1131,423,351,364,1
4,145,1066,362,348,360,1
4,145,1742,495,179,424,1
4,145,1030,0,380,525,2
4,145,1739,377,182,505,2
4,146,1043,322,333,352,1
4,146,993,0,378,490,2
4,146,1703,445,218,446,1
4,146,1699,214,222,618,2
4,147,969,0,355,430,2
4,147,995,264,332,350,1
4,147,1641,392,280,527,1
4,147,1639,130,282,635,2
4,148,962,230,330,331,1
4,148,945,0,352,388,2
4,148,1700,516,221,363,1
4,148,1605,93,316,627,2
4,149,916,0,347,336,2
4,149,1640,451,281,388,1
4,149,945,179,308,325,1
4,149,1554,44,367,605,2
4,150,1515,12,406,604,2
4,150,1600,411,321,381,1
4,150,906,0,337,369,2
4,150,927,142,303,323,1
4,151,1546,357,370,375,1
4,151,906,89,293,314,1
4,151,1465,1,426,556,2
4,151,920,0,281,265,2
4,152,912,0,276,231,2
4,152,1512,320,360,365,1
4,152,1430,0,423,510,2
4,152,899,55,286,309,1
4,153,1458,264,354,362,1
4,153,889,6,276,308,1
4,153,895,0,267,161,2
4,153,1391,9,400,457,2
4,154,878,0,271,275,1
4,154,1454,221,319,369,1
4,154,1342,0,409,430,2
4,154,892,0,255,165,2
4,155,1389,196,338,345,1
4,155,1310,0,400,384,2
4,155,872,0,264,242,1
4,156,1263,0,383,341,2
4,156,853,0,266,191,1
4,156,1342,140,325,345,1
4,157,1308,111,326,331,1
4,157,1241,0,350,294,2
4,157,855,0,252,155,1
4,158,1254,65,317,324,1
4,158,845,0,238,118,1
4,158,1234,0,300,251,2
4,159,1220,35,311,322,1
4,159,852,0,207,85,1
4,159,1199,0,299,220,2
4,160,1150,0,288,173,2
4,160,1170,0,308,302,1
4,161,1814,414,106,332,1
4,161,1838,451,83,286,2
4,161,1119,0,299,259,1
4,161,1103,0,277,121,2
4,162,1757,333,164,482,2
4,162,1066,0,277,91,2
4,162,1084,0,293,220,1
4,162,1727,358,194,485,1
4,163,1606,282,315,472,1
4,163,1634,113,287,602,2
4,163,1022,0,299,182,1
4,164,988,0,298,158,1
4,164,1557,67,364,597,2
4,164,1539,230,382,475,1
4,165,1593,389,327,267,1
4,165,973,0,276,128,1
4,165,1484,20,418,579,2
4,166,1441,314,480,261,1
4,166,984,0,134,86,1
4,166,1378,0,409,521,2
4,167,1317,0,394,482,2
4,167,1367,267,492,253,1
4,167,1020,0,64,53,1
4,168,1211,0,385,411,2
4,168,1303,202,427,251,1
4,169,1200,163,463,248,1
4,169,1153,0,367,351,2
4,170,1088,0,347,306,2
4,170,1104,104,449,242,1
4,171,1042,0,296,255,2
4,171,1043,65,435,246,1
4,172,956,0,326,196,2
4,172,957,12,427,240,1
4,173,907,0,347,161,2
4,173,902,0,418,215,1
4,174,835,0,396,163,1
4,175,810,0,334,131,1
4,178,1276,965,211,116,2
4,179,1268,1006,202,75,5
4,180,927,957,620,124,1
4,182,843,802,586,279,1
4,182,873,646,528,435,2
4,183,813,747,572,334,1
4,183,846,673,577,408,5
4,183,841,596,515,485,2
4,184,1835,83,86,333,1
4,184,767,670,565,411,1
4,184,787,587,567,494,5
4,184,793,507,496,574,2
4,185,1818,25,103,454,2
4,185,1780,33,141,476,1
4,185,754,535,555,546,5
4,185,739,621,543,460,1
4,185,766,464,490,617,2
4,186,899,846,289,234,1
4,186,713,467,539,614,5
4,186,1738,0,183,373,2
4,186,1731,28,190,435,1
4,186,726,397,467,678,2
4,187,761,801,392,280,1
4,187,1738,154,183,300,1
4,187,700,354,457,622,2
4,187,689,430,523,626,5
4,187,1697,0,224,325,2
4,188,1622,0,299,230,2
4,188,1674,40,247,335,1
4,188,646,359,515,608,5
4,188,794,713,313,368,1
4,188,665,297,443,647,2
4,189,1577,0,327,189,2
4,189,634,248,442,595,2
4,189,623,312,498,603,5
4,189,773,660,306,406,1
4,189,1611,0,310,317,1
4,190,591,191,430,632,2
4,190,596,252,473,591,5
4,190,1539,0,334,233,1
4,190,749,588,264,404,1
4,190,900,1021,153,60,5
4,191,868,949,178,132,5
4,191,797,978,112,103,3
4,191,1495,0,324,193,1
4,191,685,545,314,387,1
4,191,572,155,407,609,2
4,191,562,212,475,583,5
4,192,527,156,461,569,5
4,192,659,475,292,383,1
4,192,680,846,482,235,5
4,192,528,106,414,604,5
4,192,1433,0,305,132,1
4,192,768,875,222,206,3
4,193,1428,0,236,99,1
4,193,620,976,512,105,1
4,193,502,115,451,556,5
4,193,565,435,358,368,1
4,193,616,805,503,276,3
4,193,638,778,499,303,5
4,194,525,375,358,345,1
4,194,612,680,493,401,5
4,194,506,888,571,193,1
4,194,514,713,564,368,3
4,195,585,622,525,459,5
4,195,455,925,546,156,1
4,195,562,342,279,323,1
4,195,477,655,512,426,3
4,196,546,283,250,324,1
4,196,509,564,548,517,5
4,196,450,833,502,248,1
4,196,443,572,491,509,3
4,197,486,509,529,572,5
4,197,413,521,487,560,3
4,197,418,767,545,314,1
4,197,512,249,254,326,1
4,198,376,453,550,627,3
4,198,448,445,509,636,5
4,198,552,890,360,191,1
4,198,419,194,294,304,1
5,1,1036,563,639,518,1
5,1,989,0,681,946,2
5,2,1044,0,653,810,2
5,2,1101,440,613,612,1
5,3,1076,0,629,708,2
5,3,1133,352,600,596,1
5,4,0,869,324,211,2
5,4,1172,241,576,575,1
5,4,1101,0,599,585,2
5,5,1105,0,598,516,2
5,5,12,734,540,347,2
5,5,1185,168,566,568,1
5,6,1194,70,546,544,1
5,6,106,551,814,530,2
5,6,1200,0,476,398,2
5,7,251,883,793,198,1
5,7,239,436,792,645,2
5,7,1197,1,468,327,2
5,7,1195,13,536,530,1
5,8,397,271,762,810,2
5,8,433,726,728,355,1
5,8,1181,0,454,230,2
5,8,1215,0,481,434,1
5,9,1169,0,446,162,2
5,9,520,622,710,459,1
5,9,494,176,730,905,2
5,9,1198,0,473,367,1
5,10,617,45,697,1036,2
5,10,674,701,531,380,1
5,10,1180,0,403,269,1
5,10,1146,0,415,67,2
5,11,758,597,527,484,1
5,11,691,0,684,977,2
5,11,1166,0,396,204,1
5,12,860,450,494,616,1
5,12,1243,0,200,119,1
5,12,790,0,646,811,2
5,13,843,0,631,718,2
5,13,921,355,478,601,1
5,14,922,0,598,580,2
5,14,996,232,457,577,1
5,15,1016,0,459,488,2
5,15,1019,151,460,559,1
5,16,1099,40,417,541,1
5,16,1073,0,444,375,2
5,16,0,805,211,276,1
5,16,0,829,154,252,2
5,17,1097,0,436,299,2
5,17,0,662,243,419,2
5,17,0,715,300,366,1
5,17,1129,0,408,496,1
5,18,0,303,367,778,2
5,18,1170,0,395,382,1
5,18,1140,0,420,192,2
5,18,0,595,423,486,1
5,19,1163,0,404,127,2
5,19,0,517,492,564,1
5,19,0,211,438,870,2
5,19,1194,0,383,309,1
5,20,0,410,587,671,1
5,20,0,117,538,922,2
5,20,1199,0,396,206,1
5,21,0,355,643,726,1
5,21,1300,0,262,145,1
5,22,37,545,652,536,1
5,22,1258,0,197,50,1
5,23,104,476,636,571,1
5,24,197,383,606,556,1
5,25,251,317,595,536,1
5,26,324,238,573,523,1
5,27,370,179,559,516,1
5,28,433,110,541,481,1
5,36,864,0,108,84,1
5,76,1418,995,305,86,2
5,77,1360,918,279,163,5
5,77,1476,856,305,225,2
5,78,1317,721,604,360,5
5,79,1301,600,620,480,5
5,79,1431,550,490,531,2
5,80,1316,437,605,644,5
5,80,1369,389,540,692,2
5,81,1333,341,588,740,5
5,81,1393,286,528,795,2
5,81,1473,1007,448,74,1
5,82,1371,146,528,795,2
5,82,1455,829,466,252,1
5,82,1349,196,572,885,5
5,83,1393,59,528,975,2
5,83,1334,103,584,978,5
5,83,1416,719,505,362,1
5,84,1383,571,538,510,1
5,84,0,1010,95,71,2
5,84,1326,0,595,925,5
5,85,1371,476,524,583,1
5,85,0,893,220,188,2
5,85,1311,0,610,818,5
5,86,1292,5,629,676,5
5,86,0,744,409,337,2
5,86,1343,344,578,554,1
5,87,1270,0,631,616,5
5,87,0,1033,765,48,1
5,87,0,671,582,410,2
5,87,1295,0,542,564,2
5,87,1332,268,504,534,1
5,88,1320,0,470,448,2
5,88,0,882,854,199,1
5,88,0,532,770,549,2
5,88,1234,0,609,486,5
5,88,1298,153,474,522,1
5,89,63,791,833,290,1
5,89,1211,0,594,405,5
5,89,1270,82,481,503,1
5,89,1259,0,532,375,2
5,89,62,455,771,626,2
5,90,145,672,804,408,1
5,90,1164,0,575,295,2
5,90,1229,0,463,477,1
5,90,157,339,743,742,2
5,91,201,265,723,816,2
5,91,190,588,788,493,1
5,91,1135,0,567,226,2
5,91,1201,0,435,395,1
5,92,409,820,378,261,1
5,92,1084,0,550,126,2
5,92,1145,0,425,291,1
5,92,256,161,728,920,2
5,93,441,736,364,344,1
5,93,291,95,725,986,2
5,93,1055,0,535,66,2
5,93,1114,0,413,221,1
5,94,1082,0,360,134,1
5,94,412,623,512,458,1
5,95,1204,0,91,68,1
5,95,427,557,503,524,1
5,96,442,452,508,618,1
5,97,458,388,494,602,1
5,98,472,292,482,587,1
5,98,518,964,306,117,2
5,99,550,902,405,179,5
5,99,618,831,296,250,2
5,99,486,235,457,573,1
5,100,504,143,444,553,1
5,100,461,643,748,438,2
5,100,554,712,527,368,5
5,101,533,523,835,558,2
5,101,559,994,822,87,1
5,101,510,90,440,547,1
5,101,648,591,499,489,5
5,102,676,429,573,652,5
5,102,645,370,795,711,2
5,102,649,819,793,262,1
5,103,718,275,767,806,2
5,103,625,328,720,752,5
5,103,754,734,731,347,1
5,104,801,140,725,941,2
5,104,835,582,702,499,1
5,104,640,187,771,894,5
5,105,956,744,517,337,1
5,105,698,101,709,980,5
5,105,849,56,709,984,2
5,106,778,0,660,964,5
5,106,916,0,679,884,2
5,106,1031,587,485,494,1
5,107,963,0,647,787,2
5,107,1064,496,505,585,1
5,107,274,924,316,157,2
5,107,820,0,666,862,5
5,108,76,898,610,183,5
5,108,1111,367,455,565,1
5,108,880,0,687,717,5
5,108,1011,0,633,653,2
5,108,313,741,645,340,2
5,109,403,984,787,96,1
5,109,1045,0,612,567,2
5,109,911,0,711,623,5
5,109,85,830,869,251,5
5,109,1128,273,463,561,1
5,109,399,629,761,452,2
5,109,369,786,428,295,7
5,110,482,607,499,474,7
5,110,484,820,818,261,1
5,110,954,0,596,495,5
5,110,247,667,795,414,5
5,110,1109,0,542,448,2
5,110,1166,170,428,532,1
5,110,522,468,735,613,2
5,111,1186,96,419,521,1
5,111,587,367,713,714,2
5,111,570,751,776,330,1
5,111,567,512,614,569,7
5,111,333,563,930,518,5
5,111,1185,0,449,376,2
5,111,981,0,568,417,5
5,112,1017,0,534,315,5
5,112,686,229,674,852,2
5,112,448,414,754,666,5
5,112,1154,0,497,270,2
5,112,769,601,646,479,1
5,112,1212,35,400,463,1
5,112,672,362,580,719,7
5,113,835,955,271,126,1
5,113,790,486,657,594,1
5,113,514,323,833,757,5
5,113,1039,0,476,239,5
5,113,744,144,649,936,2
5,113,1226,0,416,426,1
5,113,712,273,544,808,7
5,113,1244,0,410,207,2
5,114,791,28,646,935,2
5,114,804,656,605,425,1
5,114,1255,0,407,128,2
5,114,1255,0,383,318,1
5,114,721,144,683,820,7
5,114,604,202,783,698,5
5,114,1070,0,462,141,5
5,115,862,0,591,886,2
5,115,766,68,661,797,7
5,115,671,127,819,746,5
5,115,846,546,590,534,1
5,115,1197,0,471,80,2
5,115,1203,0,469,258,1
5,116,895,0,586,687,2
5,116,753,19,818,689,5
5,116,1307,0,343,157,1
5,116,816,0,643,722,7
5,116,898,423,551,591,1
5,117,1429,0,69,98,1
5,117,931,0,554,617,2
5,117,824,0,770,613,5
5,117,926,340,535,579,1
5,117,842,0,630,635,7
5,118,961,229,515,557,1
5,118,880,0,613,510,7
5,118,992,0,632,481,5
5,119,973,160,513,537,1
5,119,989,0,626,420,5
5,119,905,0,594,433,7
5,119,1037,0,458,428,2
5,120,1004,0,558,320,2
5,120,935,0,575,328,7
5,120,989,0,474,342,5
5,120,1007,77,488,508,1
5,121,1025,0,481,273,5
5,121,954,0,563,262,7
5,121,1030,0,471,509,1
5,122,1042,0,474,146,2
5,122,1035,0,465,404,1
5,122,1032,0,441,173,5
5,122,974,0,544,164,7
5,123,1045,0,459,339,1
5,123,984,0,539,109,7
5,124,1004,0,501,242,1
5,125,1070,0,431,184,1
5,126,1246,0,75,96,1
5,166,736,933,299,148,2
5,167,753,803,437,278,2
5,168,687,862,850,219,1
5,168,697,618,761,463,2
5,169,754,507,718,574,2
5,169,743,743,818,338,1
5,170,814,582,785,499,1
5,170,824,348,698,733,2
5,171,864,251,670,830,2
5,171,855,480,761,601,1
5,172,971,701,581,379,1
5,172,915,124,643,957,2
5,173,943,42,627,910,2
5,173,1001,602,563,478,1
5,174,983,0,601,772,2
5,174,1043,464,541,586,1
5,175,1004,0,585,689,2
5,175,1063,375,527,570,1
5,176,849,920,339,161,2
5,176,1031,0,565,553,2
5,176,1087,252,513,554,1
5,177,1046,0,554,471,2
5,177,930,787,321,294,2
5,177,1100,176,506,534,1
5,178,1116,70,486,518,1
5,178,789,611,772,470,2
5,178,1106,0,457,352,2
5,179,842,499,830,582,2
5,179,1124,6,438,505,1
5,179,1115,0,442,285,2
5,179,842,957,867,124,1
5,180,1126,0,429,182,2
5,180,1135,0,464,358,1
5,180,933,346,798,735,2
5,180,933,794,823,287,1
5,181,985,687,804,394,1
5,181,1139,0,454,254,1
5,181,986,253,769,828,2
5,181,1128,0,424,123,2
5,182,1056,524,771,557,1
5,182,1142,0,404,155,1
5,182,1053,118,754,963,2
5,183,1189,717,591,364,1
5,183,1097,34,716,1047,2
5,183,1195,0,314,145,1
5,184,1189,558,666,523,1
5,184,1260,0,124,85,1
5,184,1152,0,692,918,2
5,185,1230,465,642,616,1
5,185,1181,0,677,842,2
5,186,1268,343,622,620,1
5,186,1226,0,654,695,2
5,187,1250,0,636,598,2
5,187,1292,270,609,596,1
5,187,530,969,284,112,2
5,188,536,1002,220,79,5
5,188,515,781,495,300,2
5,188,1321,165,584,570,1
5,188,1328,0,586,476,2
5,189,429,669,706,412,2
5,189,1343,0,544,399,2
5,189,555,877,320,204,5
5,189,1334,94,576,553,1
5,190,512,713,497,368,5
5,190,420,920,747,161,1
5,190,1355,0,563,533,1
5,190,456,514,692,567,2
5,190,1362,0,526,299,2
5,191,1361,0,546,466,1
5,191,1380,0,503,240,2
5,191,430,816,731,265,1
5,191,539,611,544,468,5
5,191,393,417,804,664,2
5,192,1374,0,535,365,1
5,192,440,663,695,418,1
5,192,461,458,693,623,5
5,192,1395,0,485,165,2
5,192,414,282,766,799,2
5,193,426,362,724,719,5
5,193,440,572,676,509,1
5,193,412,199,757,881,2
5,193,1403,0,464,286,1
5,193,1404,0,467,101,2
5,194,407,80,724,936,2
5,194,1413,0,395,199,1
5,194,512,862,548,219,1
5,194,370,239,816,830,5
5,195,502,767,524,314,1
5,195,1527,0,261,137,1
5,195,362,158,802,815,5
5,196,479,627,501,417,1
5,196,1552,0,112,51,1
5,197,442,552,513,399,1
5,198,436,435,472,393,1
5,199,431,358,454,376,1
5,200,397,254,438,364,1