1 0.178911 0.637755 0.065385 0.159676
1 0.372008 0.528907 0.061505 0.142926
1 0.523826 0.505319 0.077016 0.142824
1 0.542388 0.380222 0.058734 0.103426
1 0.668716 0.499412 0.070922 0.146769
1 0.524073 0.163468 0.031083 0.072009
0 0.023464 0.886032 0.037177 0.057139
0 0.369516 0.416176 0.025490 0.037426
0 0.517495 0.411949 0.020781 0.036250
0 0.542698 0.300106 0.022698 0.030102
1 0.245841 0.461509 0.053870 0.094463
1 0.189089 0.491949 0.121208 0.126620
1 0.280510 0.311370 0.082729 0.070685
1 0.298716 0.278000 0.080453 0.071296
1 0.326641 0.240236 0.065760 0.054676
1 0.342271 0.219810 0.071375 0.039472
1 0.356167 0.205083 0.063354 0.049926
1 0.406667 0.197009 0.035031 0.072722
