0 0.7893229166666667 0.836574074074074 0.27239583333333334 0.3287037037037037
4 0.39401041666666664 0.4930555555555556 0.1640625 0.425
4 0.7700520833333333 0.736574074074074 0.20989583333333334 0.5287037037037037
1 0.7880208333333333 0.7527777777777778 0.23541666666666666 0.4962962962962963
0 0.8015625 0.39351851851851855 0.17395833333333333 0.2777777777777778
1 0.803125 0.26481481481481484 0.159375 0.3888888888888889
0 0.3921875 0.6736111111111112 0.20104166666666667 0.4046296296296296
4 0.8059895833333334 0.300462962962963 0.1703125 0.4546296296296296
2 0.390625 0.49907407407407406 0.203125 0.4962962962962963
6 0.421875 0.47129629629629627 0.190625 0.4666666666666667
