1 0.8388020833333333 0.21574074074074073 0.15572916666666667 0.43148148148148147
0 0.7575520833333333 0.7694444444444445 0.2526041666666667 0.46296296296296297
1 0.7591145833333334 0.6652777777777777 0.21822916666666667 0.5601851851851852
1 0.6901041666666666 0.9083333333333333 0.2125 0.18518518518518517
0 0.8328125 0.3365740740740741 0.165625 0.3212962962962963
2 0.39296875 0.3925925925925926 0.18802083333333333 0.4740740740740741
4 0.8421875 0.19166666666666668 0.14791666666666667 0.38333333333333336
4 0.7513020833333334 0.6148148148148148 0.20364583333333333 0.5018518518518519
4 0.39401041666666664 0.38842592592592595 0.15364583333333334 0.41388888888888886
6 0.42578125 0.36898148148148147 0.1609375 0.4527777777777778
0 0.3924479166666667 0.5550925925925926 0.19010416666666666 0.38055555555555554
