4 0.81328125 0.24537037037037038 0.15885416666666666 0.3907407407407407
0 0.39036458333333335 0.6356481481481482 0.2046875 0.4009259259259259
1 0.7643229166666666 0.9606481481481481 0.0921875 0.08055555555555556
1 0.7747395833333334 0.7356481481481482 0.24114583333333334 0.5305555555555556
0 0.7786458333333334 0.8189814814814815 0.265625 0.3638888888888889
0 0.809375 0.37916666666666665 0.16770833333333332 0.2824074074074074
4 0.7596354166666667 0.7050925925925926 0.20677083333333332 0.5287037037037037
1 0.8127604166666667 0.275 0.16822916666666668 0.44814814814814813
2 0.3888020833333333 0.4685185185185185 0.19635416666666666 0.49074074074074076
4 0.3997395833333333 0.4634259259259259 0.17447916666666666 0.42314814814814816
6 0.43359375 0.4393518518518518 0.1640625 0.462037037037037
