2 0.5122395833333333 0.10138888888888889 0.14947916666666666 0.20277777777777778
1 0.8190104166666666 0.19907407407407407 0.16302083333333334 0.39814814814814814
1 0.82734375 0.8810185185185185 0.23385416666666667 0.23981481481481481
0 0.9776041666666667 0.07453703703703704 0.04583333333333333 0.14907407407407408
0 0.8161458333333333 0.275 0.18958333333333333 0.40370370370370373
0 0.5104166666666666 0.1425925925925926 0.14166666666666666 0.2851851851851852
6 0.5377604166666666 0.09305555555555556 0.16614583333333333 0.1824074074074074
0 0.5716145833333334 0.6513888888888889 0.20677083333333332 0.38981481481481484
1 0.5729166666666666 0.4912037037037037 0.203125 0.5120370370370371
1 0.9778645833333334 0.037037037037037035 0.0453125 0.07407407407407407
