1 0.9083333333333333 0.12361111111111112 0.16145833333333334 0.24722222222222223
6 0.64453125 0.03148148148148148 0.1390625 0.06296296296296296
0 0.9091145833333333 0.16712962962962963 0.17760416666666667 0.33425925925925926
1 0.6255208333333333 0.04212962962962963 0.12291666666666666 0.08425925925925926
0 0.6265625 0.0787037037037037 0.125 0.1574074074074074
4 0.9260416666666667 0.09444444444444444 0.14375 0.18888888888888888
1 0.77890625 0.7606481481481482 0.24947916666666667 0.48055555555555557
0 0.6348958333333333 0.4439814814814815 0.18854166666666666 0.35462962962962963
0 0.7716145833333333 0.874537037037037 0.2546875 0.25277777777777777
1 0.6375 0.3023148148148148 0.1875 0.4675925925925926
