4 0.9440104166666666 0.7791666666666667 0.11302083333333333 0.44351851851851853
0 0.94375 0.9074074074074074 0.11354166666666667 0.18703703703703703
2 0.96015625 0.5504629629629629 0.08072916666666667 0.2972222222222222
0 0.9747395833333333 0.04259259259259259 0.0515625 0.08518518518518518
0 0.82890625 0.6712962962962963 0.21927083333333333 0.45925925925925926
1 0.7994791666666666 0.13564814814814816 0.16145833333333334 0.2712962962962963
1 0.9763020833333333 0.031018518518518518 0.0484375 0.062037037037037036
1 0.8322916666666667 0.5106481481481482 0.20520833333333333 0.5416666666666666
1 0.95390625 0.8111111111111111 0.0921875 0.37962962962962965
0 0.7986979166666667 0.2013888888888889 0.16510416666666666 0.30833333333333335
