0 0.47630208333333335 0.16203703703703703 0.16614583333333333 0.32407407407407407
6 0.5114583333333333 0.10648148148148148 0.17291666666666666 0.21296296296296297
1 0.8549479166666667 0.913425925925926 0.20260416666666667 0.175
2 0.4890625 0.1162037037037037 0.15208333333333332 0.22870370370370371
1 0.9708333333333333 0.05138888888888889 0.059375 0.10277777777777777
1 0.5651041666666666 0.5416666666666666 0.20520833333333333 0.5277777777777778
0 0.5645833333333333 0.7083333333333334 0.21458333333333332 0.4
0 0.5578125 0.6546296296296297 0.09895833333333333 0.07037037037037037
1 0.7916666666666666 0.2199074074074074 0.17291666666666666 0.4398148148148148
0 0.7947916666666667 0.30972222222222223 0.19583333333333333 0.41759259259259257
0 0.9716145833333333 0.09074074074074075 0.05677083333333333 0.1814814814814815
