0 0.8020833333333334 0.7768518518518519 0.20625 0.42962962962962964
1 0.7955729166666666 0.5898148148148148 0.19947916666666668 0.512962962962963
4 0.8 0.5972222222222222 0.20833333333333334 0.5425925925925926
0 0.5497395833333333 0.053703703703703705 0.1078125 0.10740740740740741
4 0.9265625 0.962037037037037 0.071875 0.07777777777777778
6 0.38984375 0.7657407407407407 0.23072916666666668 0.4703703703703704
4 0.3580729166666667 0.7912037037037037 0.20052083333333334 0.41944444444444445
2 0.3372395833333333 0.774074074074074 0.23385416666666667 0.4537037037037037
0 0.3328125 0.9101851851851852 0.24791666666666667 0.17962962962962964
1 0.5505208333333333 0.03194444444444444 0.10729166666666666 0.06388888888888888
