0 0.7833333333333333 0.6050925925925926 0.1875 0.39537037037037037
2 0.37578125 0.6680555555555555 0.21302083333333333 0.5453703703703704
1 0.7828125 0.44305555555555554 0.190625 0.487962962962963
0 0.8638020833333333 0.9532407407407407 0.2734375 0.09537037037037037
4 0.8328125 0.8356481481481481 0.21458333333333332 0.33055555555555555
0 0.37473958333333335 0.8106481481481481 0.23177083333333334 0.38055555555555554
6 0.4127604166666667 0.6277777777777778 0.21197916666666666 0.4962962962962963
4 0.37994791666666666 0.6615740740740741 0.16197916666666667 0.46944444444444444
1 0.8770833333333333 0.8606481481481482 0.2375 0.28055555555555556
4 0.775 0.43472222222222223 0.17291666666666666 0.49166666666666664
