0 0.7888020833333333 0.6907407407407408 0.19427083333333334 0.40555555555555556
0 0.5713541666666667 0.021296296296296296 0.051041666666666666 0.04259259259259259
6 0.3971354166666667 0.7143518518518519 0.2328125 0.5194444444444445
4 0.875 0.8967592592592593 0.1875 0.20833333333333334
1 0.9200520833333333 0.9194444444444444 0.1609375 0.16296296296296298
2 0.3575520833333333 0.736574074074074 0.2203125 0.5287037037037037
0 0.3546875 0.8611111111111112 0.23645833333333333 0.2796296296296296
1 0.7841145833333333 0.5194444444444445 0.20364583333333333 0.512962962962963
4 0.7802083333333333 0.5143518518518518 0.18541666666666667 0.5175925925925926
4 0.3763020833333333 0.7453703703703703 0.1921875 0.49074074074074076
