4 0.7364583333333333 0.575462962962963 0.18958333333333333 0.5175925925925926
1 0.7479166666666667 0.6083333333333333 0.221875 0.5407407407407407
1 0.6606770833333333 0.8777777777777778 0.24427083333333333 0.2462962962962963
0 0.83359375 0.26481481481481484 0.0859375 0.05740740740740741
6 0.42552083333333335 0.3300925925925926 0.171875 0.43796296296296294
4 0.39921875 0.36527777777777776 0.1609375 0.43425925925925923
2 0.39427083333333335 0.3527777777777778 0.17395833333333333 0.4685185185185185
0 0.8518229166666667 0.31666666666666665 0.15572916666666667 0.34814814814814815
0 0.39557291666666666 0.5125 0.18697916666666667 0.3787037037037037
4 0.8544270833333333 0.18425925925925926 0.1515625 0.3685185185185185
1 0.8541666666666666 0.19907407407407407 0.16145833333333334 0.39814814814814814
0 0.7494791666666667 0.700925925925926 0.24479166666666666 0.42407407407407405
