0 0.9658854166666667 0.09490740740740741 0.06927083333333334 0.18981481481481483
1 0.96875 0.056018518518518516 0.06354166666666666 0.11203703703703703
4 0.9643229166666667 0.8893518518518518 0.07239583333333334 0.22314814814814815
1 0.9739583333333334 0.9259259259259259 0.053125 0.15
0 0.9638020833333333 0.9652777777777778 0.0734375 0.0712962962962963
2 0.9807291666666667 0.6819444444444445 0.03958333333333333 0.21944444444444444
1 0.8059895833333334 0.5976851851851852 0.21822916666666667 0.575
0 0.803125 0.7592592592592593 0.22604166666666667 0.4777777777777778
1 0.7518229166666667 0.1699074074074074 0.16927083333333334 0.3398148148148148
0 0.7502604166666667 0.2657407407407407 0.16927083333333334 0.31296296296296294
