4 0.95625 0.8194444444444444 0.08854166666666667 0.362962962962963
0 0.9559895833333333 0.9421296296296297 0.0890625 0.1175925925925926
2 0.9723958333333333 0.6416666666666667 0.05625 0.2222222222222222
1 0.8158854166666667 0.5638888888888889 0.20989583333333334 0.562962962962963
0 0.8122395833333333 0.7203703703703703 0.2234375 0.4722222222222222
1 0.7692708333333333 0.15601851851851853 0.16770833333333332 0.31203703703703706
0 0.7697916666666667 0.2361111111111111 0.165625 0.32222222222222224
0 0.9697916666666667 0.06898148148148148 0.06145833333333333 0.13796296296296295
1 0.9721354166666667 0.04537037037037037 0.05677083333333333 0.09074074074074075
1 0.9661458333333334 0.9004629629629629 0.06875 0.20092592592592592
