4 0.3958333333333333 0.43287037037037035 0.165625 0.44351851851851853
0 0.82265625 0.3541666666666667 0.1671875 0.30648148148148147
4 0.8294270833333334 0.22407407407407406 0.15572916666666667 0.4166666666666667
4 0.74765625 0.674537037037037 0.20260416666666667 0.5638888888888889
1 0.765625 0.7037037037037037 0.225 0.5666666666666667
0 0.3888020833333333 0.587037037037037 0.1984375 0.39444444444444443
2 0.3890625 0.41944444444444445 0.19895833333333332 0.4777777777777778
0 0.7645833333333333 0.7898148148148149 0.25729166666666664 0.4222222222222222
1 0.82734375 0.23842592592592593 0.16197916666666667 0.44166666666666665
1 0.7166666666666667 0.9268518518518518 0.17916666666666667 0.14814814814814814
6 0.4197916666666667 0.399537037037037 0.18541666666666667 0.4527777777777778
